120
0 386.287514 334.241104 448 1439 1519
1 330.019223 133.080271 414 1397 1380
2 266.392270 254.877881 404 1272 1422
3 189.696398 227.368231 451 1436 1422
4 347.415903 19.082502 419 1473 1385
5 91.767182 331.022581 443 1383 1515
6 120.832727 335.640694 426 1411 1329
7 355.050361 331.412561 412 1339 1382
8 14.937266 50.637755 449 1436 1357
9 75.153055 97.402158 408 1392 1373
10 493.580314 104.342907 422 1396 1503
11 245.929206 332.171466 461 1510 1523
12 394.012212 163.251089 412 1349 1386
13 30.193880 468.548677 438 1443 1360
14 297.809480 283.932539 418 1341 1325
15 232.456423 395.093279 436 1391 1331
16 483.022879 165.521253 432 1375 1456
17 275.389812 476.567776 405 1325 1322
18 202.356410 4.188030 417 1376 1381
19 218.104671 185.210922 449 1440 1510
20 234.534172 315.824635 430 1336 1409
21 386.985934 72.585819 455 1389 1374
22 233.586391 386.467008 422 1402 1350
23 361.578701 53.227699 395 1279 1405
24 346.487446 414.503546 465 1415 1460
25 445.607631 327.449905 414 1351 1369
26 486.613534 13.668490 421 1443 1429
27 244.692484 46.586932 426 1339 1384
28 11.335519 16.062489 432 1389 1362
29 319.796012 311.576456 418 1356 1289
30 15.662341 236.971673 389 1264 1438
31 473.624130 200.752913 401 1277 1290
32 353.145597 318.056077 431 1375 1308
33 78.452557 52.119842 401 1367 1414
34 296.882898 210.874286 397 1228 1182
35 74.113437 124.535812 425 1363 1338
36 148.857413 346.539100 430 1405 1398
37 388.711701 77.552485 408 1349 1344
38 287.640732 377.781307 438 1399 1321
39 173.834024 128.442681 421 1428 1380
40 378.115766 491.681840 446 1384 1438
41 372.874357 399.321675 430 1394 1377
42 147.821402 434.303636 407 1311 1337
43 282.490615 319.761269 439 1395 1472
44 320.878261 0.927342 401 1421 1299
45 185.083714 201.987921 431 1451 1474
46 75.625814 43.057024 432 1334 1439
47 156.080992 253.233111 407 1411 1346
48 247.252846 78.583041 425 1359 1474
49 137.945207 445.088457 427 1307 1416
50 223.541309 58.784226 417 1259 1346
51 116.566919 140.212848 444 1470 1474
52 467.412508 302.027174 418 1330 1382
53 154.497456 138.740933 446 1514 1417
54 158.730376 281.423624 422 1350 1352
55 455.337166 351.750086 432 1372 1322
56 276.540985 324.330882 455 1358 1374
57 315.120275 226.458789 431 1407 1506
58 177.398488 36.384040 455 1413 1490
59 388.826383 5.011140 443 1455 1472
60 338.837880 348.243023 444 1431 1411
61 176.033681 98.070551 419 1421 1454
62 235.247772 309.297248 395 1343 1245
63 179.945744 348.118725 410 1278 1362
64 347.975970 432.134646 438 1323 1426
65 398.907013 430.170691 433 1321 1334
66 12.995036 407.567687 441 1373 1424
67 377.577364 442.763264 423 1373 1306
68 183.727420 406.756115 429 1301 1408
69 134.548760 361.014610 407 1349 1340
70 72.989532 235.057498 437 1451 1498
71 384.933837 83.001320 407 1341 1336
72 75.887807 446.379769 435 1426 1365
73 252.955956 430.753108 414 1308 1258
74 486.544177 347.985574 394 1347 1412
75 304.879035 101.945349 424 1314 1359
76 468.909031 454.091819 452 1362 1333
77 490.846459 156.433358 431 1447 1342
78 265.711910 320.067158 446 1473 1451
79 265.255470 148.687403 416 1337 1365
80 254.133223 217.078555 447 1442 1391
81 298.334224 103.295877 413 1426 1442
82 358.674695 245.601955 435 1466 1354
83 159.088338 297.698461 412 1376 1330
84 429.269850 238.364840 435 1335 1298
85 146.949666 283.039067 430 1403 1326
86 224.144322 193.623275 422 1432 1448
87 200.033771 467.588647 402 1322 1419
88 261.282923 382.083865 417 1343 1322
89 208.723622 17.915051 447 1432 1428
90 249.232432 349.476625 390 1249 1413
91 328.259039 49.662741 466 1352 1427
92 447.622808 196.540284 435 1479 1483
93 183.511772 282.344945 408 1283 1327
94 332.880924 229.684282 443 1427 1380
95 269.453459 204.290656 436 1441 1415
96 201.395959 361.886635 441 1369 1410
97 460.690995 333.552318 414 1352 1387
98 128.535047 288.531025 450 1404 1500
99 380.407706 12.312177 417 1339 1355
100 274.951312 106.706723 404 1371 1470
101 204.700140 395.251504 439 1330 1443
102 10.810562 193.118587 422 1367 1421
103 47.701830 224.650103 420 1313 1326
104 103.851624 434.238664 407 1391 1509
105 333.525448 62.205019 399 1315 1307
106 403.244605 332.080317 420 1428 1382
107 42.527134 253.542556 451 1300 1402
108 478.181378 294.411790 416 1357 1491
109 421.541786 352.801511 435 1289 1330
110 267.076975 262.724282 417 1229 1285
111 439.732851 90.022287 401 1398 1345
112 46.238617 132.436957 455 1475 1544
113 477.269053 460.977397 445 1393 1364
114 364.160679 448.527782 421 1357 1227
115 450.093660 224.136041 418 1436 1347
116 140.402892 251.397536 425 1338 1385
117 208.566775 381.794312 406 1372 1342
118 162.406893 72.643783 408 1317 1280
119 65.027557 418.152363 458 1447 1440
210
0 7
0 41
0 106
1 12
1 34
1 71
1 75
1 79
2 34
2 57
2 80
2 110
3 45
3 47
3 93
4 23
4 44
4 91
4 99
5 6
5 107
5 119
6 36
6 69
6 83
6 98
7 32
7 60
8 9
8 28
8 46
8 112
9 33
9 35
9 118
10 26
10 77
10 111
11 20
11 78
11 90
12 71
12 82
12 92
12 94
12 111
13 66
13 72
14 29
14 43
14 57
14 110
15 22
15 73
15 101
16 31
16 77
17 64
17 73
17 87
18 89
19 39
19 45
19 79
19 86
20 62
20 96
21 23
21 37
22 88
22 90
22 117
23 99
23 105
24 38
24 41
24 60
24 64
25 52
25 97
25 106
25 109
26 59
26 111
27 44
27 48
27 50
27 89
27 91
28 46
29 32
29 43
29 60
29 82
30 102
30 103
30 107
31 92
31 115
32 82
33 46
33 118
34 57
34 95
35 51
35 112
36 63
36 69
36 83
37 71
37 111
38 56
38 60
38 88
39 53
39 61
40 76
40 114
41 60
41 65
41 67
41 109
42 49
42 68
42 69
42 87
43 56
45 53
47 54
47 116
48 50
48 100
49 104
50 58
50 61
50 89
50 118
51 53
51 70
51 116
52 84
52 97
52 108
54 83
54 85
54 93
55 74
55 76
55 97
55 109
56 78
57 94
58 89
58 118
59 99
61 118
62 93
62 110
63 83
63 96
64 73
64 114
65 67
65 76
66 119
67 114
68 69
68 87
68 101
69 104
70 98
70 103
70 107
70 116
72 104
72 119
73 87
73 88
74 76
74 97
75 81
75 105
76 113
78 110
79 95
79 100
80 86
80 95
81 100
82 84
82 94
83 85
83 93
84 106
84 108
84 115
85 98
85 116
88 90
90 96
91 105
92 115
96 117
101 117
102 103
102 112
103 107
104 119
106 109
108 115
7 8 0.050000 0.050000 0.050000
semilla: 1221226888
