120
0 386.314906 294.623363 388 1431 1337
1 436.122664 413.617557 395 1347 1260
2 353.859653 319.194619 412 1465 1396
3 444.833401 314.972275 420 1273 1315
4 492.978151 483.783068 417 1244 1330
5 239.285486 171.162032 423 1294 1333
6 448.847021 271.888974 438 1432 1458
7 17.927829 313.029018 456 1430 1398
8 61.777240 290.071453 411 1297 1340
9 176.509084 88.183108 413 1334 1353
10 485.173692 314.249078 422 1488 1415
11 405.923891 362.833305 428 1306 1317
12 118.949041 176.536988 422 1392 1317
13 464.105857 227.139504 427 1443 1470
14 465.401496 2.947582 420 1406 1450
15 407.798853 375.325636 425 1403 1444
16 149.248631 421.741924 413 1360 1459
17 385.303931 303.172643 435 1309 1362
18 297.745818 213.962205 450 1524 1510
19 190.774231 342.493831 408 1366 1307
20 168.055354 6.334633 456 1473 1460
21 132.770142 467.782426 427 1336 1437
22 1.953245 328.191094 423 1351 1403
23 401.061750 144.827850 410 1323 1351
24 145.316075 327.270891 455 1378 1517
25 221.329421 383.573288 413 1343 1301
26 267.363747 82.492048 409 1370 1404
27 159.850748 111.523274 439 1364 1356
28 408.130781 454.035994 422 1378 1387
29 332.583997 239.231229 451 1470 1426
30 359.952094 214.847236 397 1333 1293
31 338.188404 432.512328 449 1349 1389
32 463.016843 424.075386 448 1439 1529
33 364.915528 135.271924 446 1370 1373
34 73.618767 310.611140 424 1415 1456
35 440.945244 466.722072 411 1440 1299
36 47.519451 159.417364 422 1381 1289
37 82.023976 76.959765 447 1349 1367
38 156.729088 145.789927 446 1518 1446
39 114.779202 94.045582 438 1390 1479
40 33.014113 368.202766 439 1341 1381
41 37.112455 249.033435 412 1283 1324
42 59.460957 360.305923 422 1493 1324
43 307.155158 356.737401 435 1384 1301
44 265.045635 121.984540 414 1380 1342
45 355.561152 416.278311 399 1268 1218
46 339.127031 208.015275 422 1370 1414
47 495.366398 123.051356 415 1476 1380
48 55.564391 370.711491 408 1410 1298
49 122.213374 40.172046 397 1289 1357
50 9.759153 22.084658 418 1305 1361
51 80.565301 61.006760 458 1409 1441
52 182.764991 231.204390 415 1323 1394
53 12.271824 252.543159 385 1272 1264
54 7.316839 474.108375 420 1314 1383
55 34.374441 231.234409 428 1371 1395
56 295.007675 193.995275 406 1432 1308
57 372.689160 286.704183 415 1464 1470
58 102.645940 170.309033 438 1328 1455
59 262.137234 240.489609 410 1320 1359
60 373.916828 420.120619 396 1303 1363
61 170.544185 336.122160 415 1411 1524
62 292.071373 343.571690 390 1323 1234
63 220.514126 180.911632 401 1379 1319
64 303.667114 233.177589 419 1481 1356
65 167.260630 149.410665 402 1251 1265
66 16.706651 288.688690 409 1341 1316
67 169.643784 203.085865 425 1337 1373
68 4.539284 291.741030 454 1459 1438
69 422.861313 30.090593 439 1456 1482
70 427.464816 401.170120 430 1344 1335
71 439.042311 484.119305 455 1462 1368
72 269.560191 498.125796 410 1309 1403
73 171.759583 263.317679 424 1263 1416
74 262.239937 466.622741 411 1369 1343
75 172.290651 188.963112 408 1316 1357
76 73.175472 360.150222 412 1387 1475
77 296.880470 170.059770 414 1454 1316
78 301.164101 165.037986 458 1422 1487
79 361.115810 273.425337 419 1414 1411
80 298.416983 494.237354 397 1257 1344
81 386.882235 329.715996 413 1368 1359
82 53.844828 470.023370 452 1493 1356
83 458.346890 436.172965 428 1354 1425
84 29.940073 202.805678 402 1358 1268
85 31.343771 294.757962 436 1473 1463
86 63.095425 444.812765 455 1461 1369
87 470.220519 496.258635 448 1337 1394
88 70.747634 55.487933 395 1300 1306
89 135.862838 446.723431 427 1276 1307
90 311.774196 488.920260 416 1320 1315
91 142.336957 257.232220 415 1320 1365
92 99.009837 58.331636 428 1508 1392
93 427.456895 268.039666 398 1345 1258
94 332.179690 444.044817 440 1487 1493
95 440.695770 273.803439 451 1412 1408
96 294.982902 277.640256 451 1461 1376
97 296.583817 184.204709 440 1350 1283
98 424.386221 159.211576 406 1407 1247
99 459.636706 114.116208 422 1358 1481
100 163.171890 429.955816 406 1318 1415
101 5.492018 304.339920 431 1326 1343
102 24.965235 90.709294 408 1460 1347
103 238.561843 8.890287 414 1358 1319
104 494.918860 101.276562 436 1315 1389
105 26.975767 381.708160 429 1334 1355
106 99.501304 318.418714 393 1337 1230
107 355.807849 62.516564 410 1396 1411
108 320.763700 75.511369 431 1349 1342
109 366.671078 140.805341 404 1405 1383
110 128.243002 380.129627 418 1444 1393
111 281.251522 494.328776 369 1248 1263
112 108.137114 460.479312 405 1399 1359
113 104.225312 214.817818 460 1377 1454
114 159.520669 63.879688 412 1296 1282
115 326.067394 214.699294 370 1146 1295
116 46.516106 296.186051 408 1351 1375
117 439.396847 442.803805 425 1399 1405
118 116.667531 331.193843 449 1443 1453
119 53.957130 357.485365 414 1410 1359
215
0 17
0 57
0 93
1 32
1 70
1 117
2 17
2 43
2 45
2 57
2 81
2 96
3 10
3 11
3 17
3 81
3 95
4 83
4 87
5 44
5 59
5 63
5 77
5 97
6 10
6 13
6 95
7 22
7 66
7 85
7 101
7 119
8 34
8 41
8 91
8 113
8 116
9 26
9 27
9 44
9 103
9 114
10 32
11 15
11 81
12 38
12 58
12 75
12 113
13 47
13 98
14 69
14 104
15 60
15 70
16 89
16 100
16 110
17 81
18 56
18 59
18 64
18 115
19 25
19 61
20 49
20 103
20 114
21 89
21 112
22 40
22 101
23 30
23 98
23 109
24 61
24 73
24 91
24 110
24 118
25 62
25 74
25 100
26 44
26 103
26 108
27 38
27 39
28 35
28 60
28 117
29 30
29 64
29 79
29 96
29 115
30 46
30 93
30 98
30 109
31 45
31 94
32 83
33 107
33 108
33 109
34 76
34 106
34 119
35 71
35 117
36 37
36 39
36 58
36 84
36 102
37 39
37 51
37 102
38 65
39 58
39 92
39 114
40 48
40 105
40 119
41 53
41 55
41 85
41 116
42 48
42 76
42 119
43 45
43 62
44 78
45 60
46 109
46 115
47 99
47 104
48 86
49 92
49 114
50 88
50 102
51 88
51 92
52 59
52 63
52 67
52 73
53 55
53 66
54 82
54 105
55 84
55 113
56 97
57 79
58 113
59 63
59 64
59 96
60 70
61 73
61 110
62 96
63 65
63 75
64 96
64 115
65 75
66 68
66 85
67 75
67 113
68 101
69 99
69 107
71 87
72 74
72 111
73 91
74 100
74 111
76 106
76 110
76 118
77 78
77 97
78 108
78 109
79 96
80 90
80 111
82 86
83 117
84 113
85 116
86 105
86 110
86 112
88 102
89 100
89 112
90 94
91 106
91 113
93 95
98 99
99 104
106 118
107 108
110 118
7 8 0.050000 0.050000 0.050000
semilla: 1221226895
