120
0 386.310993 228.854469 412 1343 1356
1 467.466674 212.386533 470 1483 1417
2 3.327875 431.594016 385 1191 1211
3 407.033748 16.197884 421 1363 1391
4 312.181559 335.463307 422 1550 1472
5 104.522288 206.088726 405 1509 1364
6 97.049753 115.194657 451 1478 1388
7 136.310464 469.961757 434 1427 1456
8 313.198682 430.245580 413 1384 1371
9 191.039557 301.833813 419 1381 1409
10 322.131795 69.075112 405 1284 1281
11 391.136781 335.878754 400 1325 1325
12 23.412167 488.296456 439 1444 1419
13 268.606654 472.030331 437 1449 1390
14 126.422545 283.721644 410 1281 1337
15 30.242927 292.876672 405 1277 1277
16 6.516951 30.389972 421 1513 1403
17 99.194024 153.961993 412 1423 1371
18 82.261657 71.675596 419 1372 1368
19 489.045235 383.262252 426 1257 1355
20 4.978737 177.638314 426 1392 1360
21 481.793798 8.367439 421 1356 1461
22 32.813791 1.380887 437 1388 1303
23 146.404898 127.114459 441 1418 1539
24 14.911998 125.951567 436 1405 1395
25 190.183814 419.354157 389 1284 1271
26 1.445080 287.462154 416 1416 1283
27 34.616790 304.397852 437 1451 1385
28 345.480514 491.005277 460 1423 1525
29 30.582412 498.605091 452 1371 1385
30 115.821171 106.427267 419 1327 1421
31 78.641186 222.409849 425 1439 1420
32 242.012480 3.750030 411 1347 1318
33 431.831439 290.995171 405 1366 1465
34 274.612113 405.775869 424 1328 1298
35 109.244338 69.589687 424 1370 1395
36 64.736168 20.782233 442 1485 1461
37 100.850810 499.569448 410 1320 1430
38 279.099279 321.577911 444 1481 1442
39 118.777691 296.644412 421 1388 1378
40 60.789672 192.017097 405 1329 1353
41 203.861620 302.253594 404 1426 1337
42 176.967542 293.474522 436 1381 1381
43 17.847331 460.096303 428 1343 1466
44 47.071210 125.828665 479 1452 1476
45 385.584054 11.195508 431 1424 1412
46 0.877391 246.311910 429 1442 1361
47 262.154340 27.995197 438 1419 1411
48 428.419236 442.096554 409 1271 1335
49 5.341592 276.133074 421 1311 1463
50 234.356638 332.009615 462 1437 1482
51 107.177283 328.594814 415 1328 1358
52 488.746261 358.416219 437 1289 1329
53 440.539480 147.035211 429 1397 1384
54 109.319854 338.791990 434 1474 1431
55 335.224082 111.144800 407 1313 1389
56 207.384882 17.706061 434 1311 1382
57 10.040454 249.916064 434 1425 1437
58 427.101198 289.840115 437 1401 1399
59 272.802811 496.840735 452 1415 1431
60 132.382943 460.125081 414 1343 1272
61 19.432498 101.996427 419 1342 1352
62 313.686922 136.099832 441 1430 1330
63 322.126559 481.075416 436 1467 1365
64 359.218216 380.555807 467 1430 1558
65 88.266760 499.433961 404 1363 1378
66 431.542940 442.199402 405 1357 1306
67 443.357275 5.714343 422 1333 1376
68 25.604104 328.174863 415 1379 1334
69 127.855242 363.053247 423 1377 1347
70 185.622406 255.770584 417 1393 1386
71 389.742130 395.977173 408 1311 1286
72 464.621689 396.729613 451 1470 1444
73 362.573807 277.979234 426 1425 1429
74 65.836266 10.121766 421 1422 1451
75 300.573744 242.919653 452 1521 1512
76 326.701300 368.755333 416 1405 1440
77 371.116278 351.287160 432 1404 1411
78 469.849070 253.320404 416 1358 1328
79 192.135482 221.049077 455 1531 1406
80 383.661681 201.865304 413 1467 1372
81 269.579701 326.027189 400 1396 1339
82 228.590160 414.811567 463 1433 1528
83 368.835889 24.782086 410 1467 1396
84 232.116945 189.497909 461 1439 1482
85 182.222371 111.382822 438 1346 1368
86 430.484441 152.005088 449 1422 1403
87 211.883148 120.061354 449 1371 1422
88 7.340622 373.832359 424 1356 1433
89 420.135298 213.945797 432 1395 1378
90 378.598886 111.469509 405 1425 1380
91 100.942256 36.496191 429 1320 1334
92 161.959711 56.860074 424 1360 1426
93 8.426722 127.915145 422 1379 1316
94 279.208563 158.317207 450 1427 1486
95 29.606053 88.939269 421 1418 1309
96 401.744419 118.445625 396 1320 1364
97 102.582579 105.402360 428 1363 1438
98 102.966771 62.517012 413 1447 1460
99 364.748805 333.157806 430 1417 1352
100 227.429921 414.688618 402 1387 1322
101 362.034742 217.908083 434 1463 1437
102 267.531009 393.665188 399 1350 1385
103 330.592520 268.491306 416 1374 1404
104 237.955873 324.365532 450 1420 1481
105 139.068372 322.134583 417 1374 1398
106 329.546281 184.349642 436 1372 1346
107 462.196418 135.190619 443 1457 1401
108 360.892842 25.991468 419 1434 1310
109 456.174904 431.615349 424 1362 1415
110 8.013155 177.093554 415 1349 1399
111 495.527618 332.673442 421 1277 1384
112 2.228302 451.078714 444 1442 1444
113 299.771689 262.785154 412 1415 1406
114 401.089252 107.064958 432 1386 1387
115 103.557520 491.232975 400 1399 1334
116 495.593592 441.493873 419 1418 1329
117 400.248331 473.702549 432 1431 1285
118 331.938275 386.581070 430 1341 1475
119 298.391158 60.198654 433 1454 1459
201
0 58
0 73
0 80
0 89
0 101
1 53
1 78
1 86
1 89
2 88
2 112
3 45
3 67
3 114
4 38
4 76
4 99
4 102
4 103
5 14
5 17
5 31
5 40
5 70
5 79
6 17
6 44
6 97
7 60
7 115
8 13
8 34
8 63
8 118
9 41
9 42
10 55
10 108
10 119
11 52
11 58
11 72
11 77
11 99
12 29
12 43
13 34
13 59
13 63
13 82
14 31
14 39
14 42
15 26
15 27
15 31
15 49
16 22
16 95
17 23
17 40
17 44
18 36
18 44
18 95
18 97
18 98
19 52
19 72
19 116
20 46
20 110
21 67
21 107
22 74
23 30
23 79
23 85
24 44
24 61
24 93
25 60
25 69
25 100
26 49
27 51
27 68
28 63
28 117
29 65
30 35
30 97
31 40
31 57
32 47
32 56
33 58
33 78
33 111
34 102
34 118
35 92
35 97
35 98
36 74
36 91
36 95
37 65
37 115
38 81
38 113
39 51
39 105
40 44
40 57
40 110
41 104
42 70
42 105
43 112
44 61
45 83
46 57
47 87
47 119
48 66
48 71
48 117
49 57
50 100
50 102
50 104
51 54
51 105
52 111
53 86
53 107
54 69
54 105
55 62
55 90
56 92
58 73
58 89
59 63
60 69
61 95
62 94
62 106
64 71
64 77
64 118
66 109
68 88
69 105
70 75
70 79
70 113
71 72
72 109
73 99
73 101
73 103
75 84
75 101
75 106
75 113
76 102
76 118
77 99
78 111
79 84
80 86
80 89
80 101
81 102
81 104
82 100
82 102
83 90
83 108
83 114
84 87
84 94
85 87
85 92
86 89
86 96
87 94
87 119
90 96
90 108
90 114
91 98
93 110
94 106
96 114
101 103
101 106
103 113
109 116
7 8 0.050000 0.050000 0.050000
semilla: 1221226894
