120
0 386.291427 400.009998 402 1319 1213
1 461.005938 126.791945 450 1437 1546
2 479.086693 10.055412 411 1413 1365
3 319.604181 87.476247 443 1433 1456
4 469.688125 48.323703 411 1376 1403
5 259.507110 36.005555 434 1316 1373
6 247.201628 217.764600 401 1409 1393
7 190.737088 218.239140 437 1324 1362
8 307.855452 126.583253 441 1456 1396
9 369.460540 23.289035 425 1303 1331
10 9.515274 423.203765 440 1295 1459
11 429.062244 249.142459 446 1379 1404
12 271.978524 143.055801 415 1403 1352
13 489.837024 190.864441 428 1495 1384
14 174.683289 402.041888 394 1339 1340
15 497.634209 238.154457 419 1325 1385
16 38.906900 408.260431 419 1369 1373
17 118.653136 203.262815 440 1387 1376
18 20.450077 204.452455 424 1335 1450
19 169.343702 159.601334 421 1302 1417
20 255.878716 53.585875 420 1440 1389
21 196.505299 164.559109 410 1489 1349
22 104.553961 238.414884 442 1415 1312
23 260.817932 66.980664 430 1432 1308
24 22.010627 432.599828 423 1497 1450
25 177.704255 175.412886 450 1339 1276
26 143.548697 122.947695 422 1402 1410
27 349.454264 277.816500 445 1381 1401
28 144.425221 354.690819 420 1387 1391
29 266.961620 323.948697 387 1343 1284
30 106.246168 179.346856 453 1392 1459
31 114.967650 261.287218 412 1362 1347
32 370.834088 108.511302 446 1415 1428
33 346.975125 110.923110 438 1391 1454
34 208.482405 463.785337 452 1357 1514
35 498.919767 344.517727 431 1395 1428
36 362.164722 402.478621 416 1295 1337
37 474.034103 91.162760 437 1360 1329
38 96.113080 372.535068 413 1431 1433
39 175.920411 194.341447 413 1292 1378
40 380.382736 92.642691 431 1462 1337
41 176.402272 292.986180 446 1346 1372
42 27.110257 142.088824 400 1265 1349
43 260.998242 97.456497 416 1364 1382
44 156.111829 271.507023 428 1355 1355
45 376.344289 218.463115 440 1452 1424
46 340.516939 68.197459 448 1486 1344
47 162.403572 16.830030 442 1399 1419
48 345.106571 206.145099 420 1308 1419
49 457.118098 283.875412 408 1329 1407
50 477.298695 459.161019 427 1394 1416
51 131.259264 74.458209 422 1344 1386
52 491.404481 35.112089 401 1284 1300
53 310.802417 156.230693 420 1416 1374
54 47.252756 177.067856 382 1295 1377
55 334.520306 282.785099 415 1301 1274
56 338.708670 176.621213 428 1405 1357
57 168.062624 128.515996 438 1305 1371
58 2.410025 5.284099 427 1408 1418
59 194.707865 455.078996 412 1383 1342
60 226.135771 163.909268 441 1408 1382
61 76.972787 181.636223 450 1352 1404
62 178.591026 79.367440 432 1349 1362
63 227.710725 134.153635 422 1390 1278
64 195.918239 297.839730 425 1420 1348
65 103.499211 11.234582 403 1443 1354
66 403.525241 48.723928 418 1363 1330
67 85.294750 48.860902 419 1471 1463
68 476.951115 117.394650 442 1389 1383
69 223.915846 353.630850 419 1326 1366
70 120.720089 442.531973 427 1437 1361
71 474.804883 45.666560 467 1413 1402
72 299.014307 33.461650 411 1307 1343
73 251.118182 43.290279 461 1406 1444
74 309.446412 365.851236 440 1425 1479
75 330.911380 127.562437 450 1437 1375
76 74.235067 168.763897 422 1343 1404
77 347.012519 239.407954 421 1402 1373
78 482.736269 348.473151 417 1363 1328
79 83.012514 191.320361 425 1400 1427
80 13.706013 356.962189 400 1244 1228
81 100.342426 455.146462 442 1400 1338
82 470.073453 24.526869 420 1397 1344
83 182.219687 66.275543 439 1419 1436
84 376.201225 313.995080 413 1417 1388
85 409.858057 484.364009 449 1411 1542
86 170.064602 275.767938 417 1312 1469
87 88.508878 68.715525 433 1289 1331
88 165.279016 344.413677 426 1344 1461
89 437.925049 206.303715 448 1482 1376
90 482.623625 455.262688 436 1402 1343
91 428.729487 156.485511 434 1425 1467
92 218.158029 81.991531 407 1349 1321
93 274.618238 8.727843 400 1425 1416
94 417.785895 227.533667 430 1500 1409
95 314.298703 418.301589 416 1359 1277
96 376.045793 201.639111 424 1401 1312
97 63.659212 420.381947 408 1377 1393
98 181.450470 138.048778 430 1363 1501
99 20.671257 421.817413 449 1396 1473
100 462.996145 76.201098 386 1376 1251
101 51.739657 88.416695 400 1410 1423
102 37.621777 309.199163 447 1423 1443
103 154.940258 80.921552 401 1335 1279
104 359.052780 100.073774 403 1360 1241
105 28.470599 5.359171 411 1421 1370
106 353.547013 64.652475 409 1343 1239
107 29.979770 369.999745 423 1439 1420
108 423.275653 493.896130 383 1361 1274
109 396.532797 26.722649 432 1420 1370
110 102.147534 293.597314 439 1467 1442
111 266.073391 395.485868 454 1497 1504
112 86.822680 228.782848 409 1279 1311
113 309.072001 73.125557 421 1427 1296
114 54.743233 69.515846 429 1373 1376
115 485.202304 295.124684 431 1371 1347
116 112.316596 205.031346 400 1263 1192
117 273.367131 481.378936 451 1387 1363
118 306.462333 212.430426 434 1453 1303
119 392.303769 449.448839 411 1395 1427
221
0 36
0 78
0 84
0 119
1 13
1 40
1 68
1 91
2 52
2 82
3 8
3 33
3 46
3 75
3 113
4 66
4 71
4 100
5 72
5 73
5 93
6 7
6 29
6 60
6 64
6 118
7 39
7 86
8 12
8 43
8 53
8 75
9 72
9 106
9 109
10 24
10 99
11 15
11 27
11 49
11 84
11 94
12 43
12 53
12 60
12 63
13 15
13 89
13 91
14 28
14 59
14 69
14 70
14 88
15 49
15 89
15 115
16 97
16 99
16 107
17 19
17 30
17 39
17 116
18 54
18 102
18 112
19 21
19 25
19 30
19 98
20 23
20 73
20 92
21 25
21 60
21 98
22 31
22 112
22 116
23 43
23 92
23 113
24 99
25 39
26 30
26 57
26 103
27 55
27 77
27 84
28 38
28 88
28 110
29 55
29 64
29 69
29 74
29 111
30 79
30 116
31 44
31 110
32 40
32 91
32 104
33 75
33 104
34 59
34 111
34 117
35 78
35 115
36 74
36 84
36 95
37 68
37 100
38 70
38 97
38 102
38 107
38 110
40 66
40 104
40 106
41 64
41 86
41 88
42 54
42 101
43 63
43 92
43 113
44 86
45 48
45 77
45 94
45 96
46 104
46 106
46 113
47 51
47 65
47 83
48 56
48 77
48 96
48 118
49 84
49 115
50 90
50 108
51 87
51 103
52 71
52 82
53 56
53 75
53 118
54 61
54 76
55 74
56 118
57 62
57 98
57 103
58 105
59 70
60 63
61 76
61 79
62 83
62 92
62 103
63 92
63 98
64 69
64 88
65 67
65 105
66 100
66 106
66 109
67 87
67 105
67 114
69 88
69 111
70 81
71 82
72 93
72 113
74 84
74 95
74 111
77 118
78 90
78 115
79 112
79 116
80 102
80 107
81 97
82 109
83 92
85 108
85 119
87 114
89 91
89 94
91 96
92 98
95 111
95 117
101 114
102 110
104 106
105 114
111 117
112 116
7 8 0.050000 0.050000 0.050000
semilla: 1221226889
