120
0 386.330559 57.698939 397 1347 1352
1 499.435762 16.850979 401 1327 1375
2 203.797795 229.536204 428 1384 1375
3 410.518357 82.026484 442 1494 1354
4 251.241955 123.543141 433 1455 1421
5 4.640531 493.405019 420 1425 1375
6 494.804909 186.105306 417 1443 1285
7 452.463692 57.279808 427 1397 1394
8 441.435737 210.428559 451 1343 1376
9 281.453584 390.386057 402 1316 1362
10 84.835345 327.650654 437 1538 1404
11 108.336629 313.726353 465 1391 1411
12 338.532264 211.757746 455 1457 1488
13 12.701648 476.602867 435 1473 1527
14 381.439891 360.250103 426 1400 1295
15 143.022279 275.444646 467 1446 1546
16 6.435835 167.071666 424 1381 1378
17 382.247387 431.827901 437 1447 1404
18 115.552066 83.572385 415 1404 1220
19 368.209457 496.347100 391 1399 1306
20 314.463682 191.102040 434 1503 1469
21 85.605003 263.281164 418 1387 1408
22 380.378999 29.832165 441 1357 1346
23 285.228896 342.052631 426 1329 1357
24 362.667094 345.843614 413 1295 1264
25 398.071583 389.096828 436 1419 1365
26 149.311684 481.471454 419 1402 1343
27 478.017221 35.436619 431 1374 1279
28 97.784726 467.897619 408 1294 1325
29 139.558274 55.913321 417 1287 1366
30 109.718890 45.383901 432 1336 1393
31 358.231868 303.002625 433 1361 1406
32 467.374653 165.794225 442 1569 1418
33 351.809875 368.573699 399 1341 1335
34 328.958244 301.206628 396 1328 1275
35 263.902104 402.667806 426 1475 1371
36 327.476026 389.571960 406 1344 1330
37 372.097398 340.969781 445 1436 1421
38 134.912931 481.630602 414 1331 1343
39 241.192202 217.342310 429 1365 1437
40 247.355511 304.070498 421 1356 1422
41 446.016389 197.456407 421 1396 1392
42 376.563653 405.316972 444 1506 1564
43 293.576411 138.733671 418 1373 1355
44 425.542290 89.261128 391 1204 1276
45 21.166536 245.971150 428 1282 1436
46 388.215359 235.546800 415 1236 1334
47 117.109102 252.669802 412 1360 1406
48 487.785610 212.749485 439 1442 1364
49 215.452906 116.984618 422 1339 1284
50 459.602676 42.169056 444 1474 1451
51 89.617232 196.812672 407 1326 1338
52 238.399369 278.199615 444 1432 1427
53 195.863508 377.983072 462 1544 1439
54 302.564590 203.062672 435 1426 1540
55 242.924381 330.066340 445 1395 1469
56 246.060655 41.430286 416 1386 1278
57 130.484306 49.732310 405 1314 1328
58 239.495471 200.384986 426 1394 1469
59 303.910010 315.533103 436 1396 1377
60 317.545056 479.752704 454 1471 1569
61 296.525733 207.986453 444 1477 1413
62 66.227717 89.233862 404 1308 1275
63 186.754293 279.404607 406 1246 1455
64 467.319983 246.947168 421 1480 1492
65 467.462204 137.257302 390 1339 1294
66 181.535689 70.325224 417 1348 1281
67 73.536176 422.514548 438 1442 1464
68 236.480842 33.515221 422 1236 1355
69 345.729195 170.576037 407 1208 1329
70 77.427784 328.758148 411 1268 1320
71 180.135249 33.130133 419 1368 1312
72 130.764241 254.597236 410 1298 1398
73 120.332390 426.476934 421 1584 1376
74 288.337510 88.538070 406 1266 1386
75 315.562055 151.460528 425 1351 1310
76 32.604284 480.199528 411 1280 1336
77 27.774939 313.405260 410 1330 1377
78 388.807357 185.256997 426 1308 1326
79 481.073227 397.722338 433 1303 1408
80 80.794365 410.895629 416 1434 1378
81 232.363196 328.242414 447 1450 1440
82 232.474926 206.081888 436 1365 1493
83 147.816300 348.557935 431 1467 1335
84 90.591817 76.675680 442 1442 1420
85 49.525578 376.390516 436 1372 1335
86 148.828210 355.727917 415 1310 1352
87 172.376075 124.690987 418 1425 1359
88 228.371642 242.182136 421 1260 1362
89 312.821541 91.641725 432 1444 1431
90 492.423838 167.453108 415 1415 1436
91 265.458451 60.193936 422 1249 1330
92 113.506012 195.538940 394 1335 1341
93 118.148828 227.355779 420 1429 1441
94 406.426241 305.830459 400 1409 1383
95 75.806077 72.742394 439 1474 1446
96 42.384860 362.344130 435 1364 1404
97 231.586234 269.827909 432 1470 1440
98 106.474993 25.205144 417 1461 1409
99 47.142392 322.179210 428 1377 1426
100 64.330895 209.356105 421 1437 1397
101 369.775137 310.733236 406 1390 1334
102 173.709396 33.824518 426 1502 1511
103 96.883283 317.334171 447 1326 1377
104 438.190756 172.041754 419 1416 1390
105 151.182618 426.265691 415 1324 1340
106 276.890086 191.669912 401 1249 1329
107 10.787948 313.038791 417 1389 1304
108 297.955518 238.399334 439 1515 1496
109 475.711035 275.358515 393 1285 1399
110 47.064566 14.154202 407 1278 1334
111 196.330226 222.114277 425 1368 1336
112 348.213312 421.129402 410 1274 1358
113 148.701717 229.757319 445 1413 1218
114 357.618040 486.403976 432 1422 1418
115 493.997058 108.559902 428 1338 1469
116 290.753159 188.341230 446 1519 1431
117 109.000997 479.752163 431 1396 1348
118 337.928759 68.657964 400 1437 1321
119 342.162673 228.046040 434 1417 1446
204
0 3
0 22
0 118
1 27
2 63
2 82
2 88
2 111
3 44
3 69
4 43
4 49
4 58
4 74
5 13
6 41
6 48
6 90
7 44
7 50
7 115
8 41
8 46
8 48
8 64
8 78
9 23
9 35
9 36
10 70
10 103
11 15
11 21
11 47
11 83
11 103
12 20
12 69
12 78
12 119
13 76
14 24
14 25
14 33
14 37
15 63
15 72
15 83
16 45
16 62
16 100
17 42
17 112
17 114
18 29
18 30
18 57
18 84
18 87
18 92
19 114
20 54
20 69
20 75
20 116
21 45
21 47
21 99
21 100
21 103
23 36
23 55
23 59
24 33
24 37
25 42
25 79
26 38
26 105
27 50
28 67
28 73
28 76
28 117
29 57
29 66
29 102
30 57
30 84
30 98
31 34
31 46
31 101
31 119
32 41
32 65
32 90
32 104
33 36
33 42
34 59
34 108
34 119
35 53
35 60
36 112
37 101
38 73
38 117
39 82
39 88
39 108
40 52
40 55
40 59
40 81
41 48
41 104
42 112
43 74
43 75
43 89
43 116
44 65
44 115
45 77
45 100
45 107
46 78
46 94
46 119
47 72
47 93
48 64
49 66
49 87
51 62
51 92
51 100
52 97
52 108
53 81
53 86
53 105
54 61
54 116
55 81
56 68
56 91
58 82
58 106
60 112
60 114
61 108
62 95
63 81
63 83
63 97
63 113
64 109
65 115
66 68
66 71
66 87
66 102
67 76
67 80
68 71
69 75
69 78
70 96
70 99
71 102
72 113
73 80
73 86
73 105
74 89
74 91
75 116
77 99
77 107
78 104
79 109
80 85
83 86
84 95
85 96
86 105
87 92
87 111
88 97
89 118
92 93
93 113
94 101
94 109
95 110
96 99
98 110
106 116
108 119
111 113
112 114
7 8 0.050000 0.050000 0.050000
semilla: 1221226899
