80
0 386.330559 57.698939 614 2009 2039
1 76.164247 92.492140 609 2049 2066
2 420.343280 209.511450 664 2224 2044
3 184.437695 344.332799 634 2148 2104
4 40.159782 465.463023 611 2087 1969
5 289.470937 138.046069 685 2126 2047
6 158.642824 309.937068 623 2077 2108
7 129.821602 411.666204 681 2137 2056
8 154.746851 330.332996 675 2210 2230
9 276.911321 48.571917 643 2151 2051
10 360.191349 236.008369 676 2147 2211
11 99.355825 373.343561 651 2132 2115
12 162.320407 119.083526 607 2129 1872
13 48.647061 111.158358 642 2186 2112
14 254.520652 228.606039 621 2075 2141
15 355.728416 227.486669 652 1979 1973
16 451.953490 482.306590 616 2006 1935
17 470.149404 301.039001 660 2137 2058
18 324.892991 476.498192 631 2027 1953
19 57.616547 361.305593 635 1990 2011
20 432.277220 283.241074 655 1983 2079
21 160.227154 437.777119 653 2284 2134
22 297.705137 30.231021 591 1961 1933
23 190.096855 457.842309 636 2187 2054
24 497.099651 253.838647 624 2047 2052
25 4.619043 132.253296 647 2108 2073
26 0.500511 412.082995 632 2027 2123
27 412.622896 453.012776 643 2111 2124
28 294.105330 28.276062 658 2183 2244
29 445.720214 219.635114 602 1899 1953
30 150.660062 143.658896 660 1917 2127
31 353.560653 293.890744 605 1969 2055
32 378.842208 200.990064 652 2097 2009
33 78.950123 414.724531 656 2146 2111
34 130.475086 394.774112 632 2031 2019
35 141.673167 100.915020 674 2277 2197
36 282.028664 55.748607 656 2122 2242
37 438.364283 88.503040 635 2083 2050
38 466.736286 436.761569 616 2012 2020
39 306.671941 235.314021 657 2101 2148
40 337.958762 72.910935 685 2156 2224
41 264.085014 476.822607 632 2094 2064
42 240.973276 37.845240 614 1975 2184
43 459.622761 379.743841 607 2064 2049
44 471.992314 274.826683 640 2091 2036
45 204.564916 122.548221 628 1918 2072
46 449.641572 125.893706 629 1894 2010
47 27.534511 272.525589 611 1979 1942
48 493.872004 6.764958 629 2120 2146
49 30.572837 337.667547 618 2072 2034
50 116.196901 421.321137 633 2028 1982
51 308.249017 241.234891 620 1979 2048
52 326.402923 353.927053 640 1951 2083
53 336.284466 433.016343 632 2105 2025
54 257.597169 435.615932 678 2163 2251
55 29.575956 83.093632 636 2111 2009
56 316.215239 129.528254 675 2172 2086
57 20.895303 187.353673 619 1977 2020
58 464.663462 98.801894 618 2051 2035
59 388.033441 178.038687 649 2097 2148
60 175.694426 396.212272 617 2056 2095
61 275.124265 13.525922 606 1939 2017
62 201.554606 28.260205 619 2175 2075
63 30.885637 94.894135 635 2136 2167
64 160.097820 264.065668 656 2175 2111
65 261.507625 158.651393 626 2128 2075
66 193.448461 288.275928 659 2127 2210
67 292.428649 348.298720 608 2117 1975
68 401.615182 446.358146 638 2071 2133
69 42.814843 89.068716 668 2171 2178
70 365.250522 265.526751 599 1896 2000
71 216.049509 144.089781 630 2047 1971
72 71.688854 374.564191 628 2147 2157
73 282.402551 339.673533 609 1925 2007
74 323.401428 407.796119 644 2049 2018
75 329.870161 127.792947 634 2025 1905
76 104.942651 271.128350 671 2140 2159
77 91.719492 29.504539 645 2172 2192
78 359.303876 320.247738 647 2192 1976
79 41.457983 284.320045 628 2080 2142
135
0 37
0 40
1 13
1 35
1 69
1 77
2 29
2 32
2 46
2 59
3 8
3 60
3 66
3 73
4 26
4 33
5 36
5 56
5 65
6 8
6 64
6 66
6 76
7 21
7 34
7 50
8 11
8 34
9 28
9 36
9 42
9 61
10 15
10 70
11 33
11 34
11 72
11 76
12 30
12 35
12 45
13 25
13 63
13 69
14 39
14 65
14 66
14 73
15 32
15 39
15 51
16 27
16 38
17 20
17 43
17 44
18 41
18 53
19 26
19 49
19 72
19 76
20 29
20 44
20 70
20 78
21 23
21 60
22 28
22 40
23 41
23 54
24 29
24 44
25 57
25 63
26 33
26 49
27 38
27 68
28 61
29 44
30 64
31 70
31 78
32 59
33 50
33 72
34 60
35 62
35 77
36 40
36 45
36 56
37 46
37 48
37 58
38 43
39 51
40 75
41 54
42 45
42 61
42 62
43 78
45 62
45 71
46 58
46 59
47 57
47 79
48 58
49 79
51 73
52 67
52 74
52 78
53 68
53 74
54 60
54 67
54 74
55 63
55 69
56 75
59 75
62 77
63 69
64 66
64 71
64 76
65 71
66 73
67 73
76 79
5 6 0.050000 0.050000 0.050000
semilla: 1221226899
