80
0 386.287514 334.241104 654 2186 2188
1 29.645395 250.146163 611 1934 2166
2 242.730316 68.419125 671 2210 2102
3 37.961218 14.184076 644 2089 2219
4 20.578398 361.141553 636 2105 2034
5 96.298724 492.661962 651 2102 2051
6 67.873591 251.442093 630 2114 2159
7 258.850320 497.330426 676 2190 2228
8 377.855727 121.206367 645 2081 2067
9 146.043129 46.866879 628 2065 2031
10 74.497614 81.396107 655 2109 2084
11 165.192571 391.546053 619 1963 2098
12 190.416869 336.311097 648 2108 2103
13 248.342800 397.444686 665 2026 2200
14 37.603853 7.950471 686 2199 2156
15 133.910119 127.372222 599 1886 2033
16 187.619244 316.627236 672 2122 2114
17 318.926597 199.318512 632 2123 2153
18 73.029510 406.978691 634 2031 2012
19 471.539844 170.162812 640 2053 1999
20 472.803859 414.454762 583 1852 2067
21 160.409554 3.381610 646 2060 2010
22 185.898014 387.916800 610 1977 1967
23 435.770142 488.774278 633 2007 1973
24 43.804521 222.592178 643 2064 2039
25 462.155476 447.092321 626 2067 1964
26 103.409116 497.012137 651 2162 2174
27 17.951077 203.748763 658 2085 2065
28 246.775969 63.711765 624 2022 2090
29 55.255663 181.930415 626 2101 2047
30 440.156741 214.346658 646 2177 2254
31 322.758663 104.843405 608 2028 2028
32 422.317590 391.732270 641 2010 2167
33 401.343731 384.081842 630 1941 2073
34 276.906612 469.435584 652 2108 2142
35 482.801393 443.018284 646 2176 2104
36 138.697063 81.532524 639 2048 1964
37 456.946726 403.618911 672 2087 2096
38 325.224093 41.336311 659 2095 2220
39 288.987772 17.479676 666 2156 2221
40 95.914222 30.327121 651 2186 2144
41 25.701209 460.227211 618 2016 2010
42 100.426030 360.284972 648 1978 2086
43 11.815024 75.113620 645 1995 2067
44 433.547366 130.578915 645 2059 2027
45 293.531473 383.469471 627 1982 2043
46 482.120814 4.517428 631 2082 2091
47 250.913118 96.780309 629 2071 2088
48 199.358058 110.881176 648 2068 1984
49 328.733395 22.173793 607 2048 2100
50 290.602879 162.591864 656 1978 2068
51 44.956478 83.523150 651 2181 2011
52 242.549828 34.965358 649 2140 2129
53 321.580051 295.919318 650 2089 2063
54 466.750323 172.675730 649 2195 2137
55 323.027049 115.614373 619 2063 2019
56 431.293309 246.647196 658 2008 1984
57 126.054218 93.243567 621 2151 2075
58 391.639522 285.442232 628 2071 2102
59 165.071966 364.528155 643 2030 2079
60 222.320091 33.766917 630 1947 2092
61 42.862887 396.542625 662 2129 2196
62 81.269603 398.210259 626 2004 2006
63 62.946761 446.209160 656 2201 2166
64 377.682517 210.070926 667 2121 2156
65 87.754447 388.995550 644 2012 2176
66 445.997025 372.000755 615 2067 2146
67 494.855491 36.236841 627 1946 2098
68 447.091761 271.227472 622 1983 2065
69 131.972663 64.553744 626 2151 2185
70 47.444942 407.143498 588 1962 1945
71 192.273539 41.375817 667 2023 2138
72 156.917381 310.429295 628 1989 2099
73 429.283973 475.734706 651 1924 1978
74 141.260701 168.594966 618 2106 2220
75 241.127362 127.579088 677 2140 2040
76 489.149212 130.808331 659 2106 1901
77 441.748851 472.941860 626 2056 2069
78 52.873670 147.766353 596 1989 1978
79 236.084675 375.125918 675 2090 2083
135
0 33
0 45
0 53
0 58
1 4
1 6
1 24
2 28
2 47
2 48
3 14
3 40
3 43
3 51
4 61
5 11
5 26
5 63
6 24
6 42
6 72
6 74
7 26
7 34
8 17
8 44
8 55
8 64
9 21
9 40
9 69
9 71
10 40
10 51
10 57
10 69
10 78
11 22
11 26
11 59
11 65
12 16
12 59
12 79
13 34
13 45
13 79
15 48
15 57
15 74
15 78
16 53
16 72
17 50
17 53
17 64
18 62
18 63
18 70
19 54
19 76
20 25
20 35
20 37
21 71
22 59
22 79
23 73
23 77
24 27
24 29
25 35
25 77
27 29
28 52
29 74
29 78
30 54
30 56
30 64
31 38
31 47
31 55
32 33
32 37
32 66
33 45
34 45
34 73
36 48
36 57
36 69
37 66
38 39
38 49
39 49
39 52
40 69
41 63
41 70
42 59
42 65
42 72
43 51
44 54
44 64
44 76
45 53
46 49
46 67
47 48
47 75
48 71
48 75
50 55
50 75
51 78
52 60
53 58
53 64
56 58
56 64
56 68
58 64
58 68
59 72
60 71
61 70
62 65
63 70
66 68
67 76
72 74
73 77
74 78
5 6 0.050000 0.050000 0.050000
semilla: 1221226888
