80
0 386.299253 31.547786 642 2072 2071
1 40.995411 9.870920 618 2045 2174
2 325.309595 478.367276 610 2005 2053
3 232.750176 332.205712 645 2248 2046
4 289.305456 356.804878 622 2164 2091
5 196.492119 443.037640 638 2186 2223
6 90.471443 53.539660 665 2061 2022
7 60.049790 256.824202 651 2074 1974
8 237.027343 218.553923 631 2052 2060
9 363.018249 247.716499 667 2154 2202
10 387.295670 278.326638 610 2013 1897
11 196.959903 305.091230 656 2150 2073
12 471.209492 117.925148 622 2042 2097
13 92.159414 423.271238 666 2153 2041
14 202.279898 218.252950 654 2134 2207
15 17.323441 155.078700 631 2131 2120
16 279.569453 223.792515 653 2274 2086
17 316.645577 362.204794 645 2131 2133
18 174.706949 299.691884 627 2011 2033
19 287.437954 469.687070 640 2121 2101
20 9.964318 470.289038 646 2073 1951
21 30.677092 89.882055 675 2164 2153
22 344.936427 346.522820 611 2022 2073
23 56.785261 389.886416 573 1854 1821
24 459.192058 140.911862 631 2003 2119
25 108.908352 422.664694 621 2011 1926
26 217.329832 162.480748 659 2208 2227
27 420.153432 18.724182 604 2030 2098
28 130.926645 484.125692 642 2056 1971
29 2.582581 405.446971 654 2200 2152
30 97.600645 374.043848 656 2139 2045
31 38.307899 340.861205 620 1908 2001
32 194.000394 64.628794 678 2161 2116
33 242.724277 466.918942 654 2003 2081
34 305.692831 279.406096 647 2138 2092
35 424.480421 242.435206 617 1943 2113
36 297.766741 65.608803 631 2149 2233
37 31.827508 424.923397 653 2007 2315
38 240.480559 256.748273 583 1981 1962
39 457.015515 59.757570 650 2118 2034
40 213.390289 450.578958 637 2051 1963
41 52.303974 72.888372 603 2013 1994
42 431.171378 197.347624 643 2231 2108
43 499.702343 497.283027 606 1953 2000
44 146.188088 483.199976 620 2063 1938
45 408.360192 309.743768 642 1907 1996
46 74.584351 39.194343 599 2008 1948
47 427.641136 364.566143 639 2013 2080
48 97.621719 228.237928 639 2151 2085
49 132.748226 99.438270 676 2204 2151
50 231.438109 280.291153 616 2100 2048
51 58.261773 205.620668 649 2111 2018
52 420.398359 135.214406 594 1957 2067
53 177.578921 68.926034 648 2102 2170
54 370.383911 42.384473 639 2001 2014
55 138.680865 309.292269 596 1900 1997
56 14.950066 265.753341 688 2297 2287
57 411.150640 208.807626 642 2223 2174
58 202.288406 361.240717 656 2088 2099
59 89.013784 54.663794 671 2030 2170
60 6.859801 292.679561 674 2087 2098
61 377.082656 128.200743 636 2220 2112
62 109.647655 348.141151 617 2011 2002
63 363.075255 205.804971 644 2084 2108
64 358.831068 373.751537 642 2084 2055
65 464.389981 2.406534 609 1993 2016
66 271.428455 398.035805 634 2140 2159
67 300.363046 201.718441 674 2061 2121
68 53.521147 29.918011 637 2033 1988
69 299.104217 44.580940 653 2065 2147
70 288.869208 24.784320 642 2039 2098
71 196.466230 7.934554 594 2043 2048
72 389.454679 64.782908 651 1968 2192
73 404.749738 128.842790 640 2077 2052
74 101.009052 159.134076 653 2197 2096
75 305.167799 455.190409 674 2254 2167
76 121.869942 268.111235 635 1952 2041
77 197.720474 88.009710 641 1946 1961
78 48.622704 201.792288 651 2067 2130
79 237.942992 107.864679 638 2111 1966
141
0 27
0 54
0 72
1 68
2 43
2 75
3 4
3 11
3 34
3 50
3 58
4 17
4 34
4 66
5 25
5 40
5 44
5 58
6 49
6 59
7 48
7 51
7 56
7 76
8 14
8 16
8 26
8 38
9 10
9 34
9 35
9 57
9 63
10 22
10 35
10 45
11 18
11 50
11 58
12 24
12 39
13 23
13 25
13 30
13 37
14 18
14 26
14 48
14 74
14 76
15 21
15 74
15 78
16 34
16 38
16 67
17 22
17 34
17 64
18 55
19 33
19 75
20 37
21 41
21 74
22 34
22 45
22 64
23 30
23 31
23 37
24 42
24 52
25 28
25 30
25 58
26 74
26 79
27 39
27 65
28 44
29 31
29 37
30 31
30 62
31 60
31 62
32 53
32 70
32 71
32 77
33 40
33 66
34 38
35 57
36 61
36 69
36 79
38 50
39 65
39 72
40 66
41 46
41 59
41 68
41 74
42 52
42 57
43 47
45 47
46 59
46 68
47 64
48 51
48 74
48 76
49 53
49 74
51 74
51 78
52 73
53 77
54 69
54 72
55 62
55 76
56 60
56 78
57 63
58 62
58 66
61 63
61 72
61 73
63 67
64 75
66 75
69 70
70 71
72 73
77 79
5 6 0.050000 0.050000 0.050000
semilla: 1221226891
