80
0 386.295340 465.778892 629 2112 2033
1 48.392047 325.133324 646 1957 2040
2 321.253453 306.785668 674 2074 2109
3 187.400353 137.724970 614 1986 2024
4 306.407683 293.927730 620 2104 2171
5 173.986734 195.041782 651 2223 2040
6 217.267144 108.891005 619 2102 2164
7 298.276363 130.830365 638 2071 2064
8 450.854304 8.295001 632 1970 1859
9 306.912078 271.290471 607 2015 2071
10 400.153067 372.591752 647 2112 2039
11 474.756452 231.681112 649 2076 2048
12 452.582847 59.902914 598 1932 2004
13 127.066517 106.956394 599 1903 1977
14 499.623128 165.911960 624 2073 2080
15 287.147064 80.702894 611 2030 2103
16 274.752369 263.062637 609 2115 1926
17 22.316185 68.126375 638 1984 2063
18 223.458585 168.433640 606 1937 2063
19 487.948006 442.140980 649 2047 2138
20 22.802830 247.163573 660 2150 2126
21 410.206370 338.460823 610 2043 2060
22 252.782097 8.695968 642 2019 2147
23 62.986806 119.253437 657 1911 2042
24 5.204531 472.550852 664 2140 2191
25 211.784093 455.255651 639 2042 2083
26 4.676998 106.299735 600 2011 1976
27 161.989684 60.623898 630 2056 2107
28 304.524610 145.115699 643 2221 2127
29 155.864502 114.691431 657 2127 2137
30 255.694686 460.581264 659 2110 2142
31 101.138078 327.676210 596 1987 1994
32 396.586563 430.366983 654 2248 2248
33 491.336226 387.950275 667 2193 2099
34 299.701544 83.848281 668 2000 2117
35 240.295306 143.203357 610 1916 2115
36 0.607606 212.042269 645 2036 2038
37 493.890101 310.925060 610 2106 1989
38 55.958245 490.219392 650 2022 2158
39 5.249609 230.182528 646 2063 1996
40 287.257762 441.210874 648 2059 1946
41 70.166632 290.577880 613 2030 1966
42 27.183104 366.434291 619 2011 1995
43 320.161797 459.318644 625 2085 2029
44 4.470592 137.238082 656 2019 2002
45 173.784344 293.462998 666 2169 2138
46 204.462585 402.664445 645 2144 2117
47 266.140653 25.950123 632 2098 2002
48 284.543591 324.125867 644 2039 2135
49 448.478706 81.614382 659 2140 2095
50 307.990222 391.659738 645 2124 2130
51 172.482128 407.123106 647 2227 2126
52 188.208922 227.350375 640 2034 2141
53 230.345632 419.034067 650 2073 2084
54 407.509361 9.832308 614 2140 2021
55 169.582432 171.926496 649 2056 1981
56 198.498379 162.260874 678 2247 2064
57 359.263059 134.239080 610 1982 2001
58 396.948673 16.351291 632 2069 2143
59 135.397904 132.567221 619 2174 2238
60 211.597519 319.499499 667 2204 2130
61 215.759250 265.714249 648 2219 2211
62 303.222201 255.535691 632 2033 2056
63 146.525208 149.170439 682 2188 2134
64 19.264607 280.257688 652 2104 2022
65 105.319739 108.859565 593 1905 1996
66 47.265033 383.406168 656 2148 2047
67 242.586036 143.508613 685 2094 2053
68 85.138868 428.952487 630 2024 2002
69 63.893811 363.279387 640 2021 2178
70 204.029357 121.405718 693 2092 2252
71 334.463121 321.675648 656 2203 2122
72 140.720830 94.988110 663 2102 2218
73 493.737664 248.916125 637 2118 2046
74 339.953997 106.833137 633 2184 2197
75 150.608344 274.442760 623 1965 2126
76 330.732372 118.976959 668 2057 1998
77 400.039697 467.179979 613 2130 2075
78 412.219037 165.351419 640 1920 2031
79 161.108673 253.473706 691 2179 2127
138
0 32
0 43
0 77
1 31
1 41
1 42
1 64
1 69
2 4
2 48
2 71
3 29
3 55
3 56
3 63
3 70
4 9
4 48
5 52
5 55
6 15
6 27
6 35
6 70
7 28
7 34
7 67
7 76
8 12
8 54
9 11
9 16
9 62
10 21
10 32
10 33
10 50
10 71
11 14
11 73
11 78
12 49
12 54
13 29
13 59
13 65
13 72
14 49
14 78
15 34
15 47
16 18
16 61
16 62
17 23
17 26
18 35
18 56
19 32
19 33
19 77
20 39
20 63
20 64
21 33
21 37
21 71
22 27
22 47
23 26
23 44
23 65
24 38
24 66
25 30
25 51
25 53
26 44
27 72
28 62
28 76
29 59
29 72
30 40
30 53
31 41
31 51
31 69
31 75
32 33
32 50
32 77
33 37
34 74
34 76
35 67
35 70
36 39
36 44
37 73
38 68
40 43
40 50
40 53
41 64
41 75
42 66
42 69
45 60
45 61
45 75
46 51
46 53
46 60
47 58
48 50
48 60
49 57
49 78
50 71
51 68
52 61
52 79
54 58
55 56
55 63
57 74
57 76
57 78
58 74
59 63
60 61
61 79
62 78
66 68
66 69
74 76
75 79
5 6 0.050000 0.050000 0.050000
semilla: 1221226890
