80
0 386.291427 400.009998 626 2005 1966
1 96.563595 444.347755 629 2154 2182
2 214.779422 297.745890 658 2147 2137
3 341.384914 156.252357 634 1974 2113
4 247.201628 217.764600 613 2046 2110
5 112.579541 124.347275 670 2143 2090
6 420.571209 40.315717 665 1976 2140
7 465.718310 327.641386 652 2006 2092
8 493.387738 367.708768 622 2127 2021
9 85.970280 402.492610 621 2114 2059
10 67.643723 388.048824 638 2032 2067
11 172.781959 446.393138 634 2022 2048
12 430.985487 73.076668 632 1991 2236
13 114.881068 306.102990 629 2109 2027
14 469.926264 50.725029 639 2238 2013
15 405.907153 81.526201 655 2095 1971
16 212.657056 127.138790 655 2225 2062
17 134.440425 40.221541 638 2027 2083
18 96.527727 341.502096 661 2131 2159
19 104.277238 87.540167 597 2024 1931
20 480.645224 204.275474 634 2006 2069
21 456.029639 490.148153 670 2132 2140
22 378.697335 266.116585 668 2095 2191
23 359.271933 283.386199 650 2070 2196
24 386.253589 264.066625 623 1946 1966
25 250.244480 358.971040 639 2141 2111
26 231.153564 497.945172 633 2002 2067
27 476.103181 366.163206 658 2097 2035
28 82.411869 96.286226 604 1964 2058
29 163.221632 265.968581 637 2018 2071
30 149.452334 345.375417 635 2142 2042
31 365.362232 143.025778 695 2178 2166
32 203.945138 205.936400 624 1952 2123
33 229.805366 338.794362 634 2073 2127
34 150.866724 117.028965 616 1970 2007
35 283.678980 292.624314 625 2087 2055
36 430.351879 424.037332 592 1947 2033
37 61.774758 248.356905 629 2053 1981
38 46.471700 49.867392 637 2002 2134
39 392.455338 496.865509 643 2111 2028
40 289.350028 105.925378 654 2046 2077
41 99.642380 189.475979 660 2069 2130
42 35.505124 234.613787 624 2079 1998
43 469.206427 452.418199 613 2126 1967
44 251.758715 308.715552 614 2087 2049
45 137.353377 498.211405 664 2125 2117
46 45.984480 361.156802 641 2040 2044
47 146.923248 339.029573 673 2123 2084
48 299.014307 33.461650 649 2028 2088
49 281.352156 185.693263 677 2144 2151
50 295.503028 19.385578 664 2087 2067
51 344.499987 11.285624 626 2101 2081
52 482.736269 348.473151 622 2049 2016
53 142.636131 285.447504 624 1950 1969
54 455.146462 146.585778 655 2111 1965
55 126.316170 495.873677 643 2133 2102
56 77.402786 408.619080 647 2157 2180
57 380.473939 125.495808 635 2010 2233
58 105.943268 88.508878 640 1945 2041
59 214.817799 442.744373 667 2195 2115
60 482.623625 455.262688 642 2080 2087
61 75.807446 95.744094 644 2105 2054
62 133.428765 37.246492 624 2249 2155
63 455.609757 433.193169 625 2032 1951
64 207.895450 98.830805 631 2114 2031
65 115.156836 440.945389 635 2043 2170
66 297.053381 76.178509 640 2101 2111
67 82.795789 48.822452 599 2086 2044
68 152.785736 369.872349 648 2095 2073
69 347.127757 176.211294 598 2009 1897
70 203.867649 403.577683 623 2117 2000
71 230.325044 73.006803 630 2123 2042
72 66.290284 140.804401 629 2094 1994
73 437.261715 57.636792 643 2183 2156
74 189.117844 3.597488 653 2132 2143
75 262.378541 296.133725 626 2070 1958
76 268.050261 120.728240 629 1990 2007
77 483.993787 483.583336 621 2010 1883
78 119.568566 88.883438 696 2148 2056
79 336.673684 474.604912 609 2095 2071
140
0 23
0 25
0 36
0 79
1 56
1 65
2 4
2 29
2 32
2 33
2 44
2 47
3 31
3 40
3 49
3 69
4 32
4 49
4 75
5 28
5 34
5 41
5 58
5 72
5 78
6 51
6 73
7 20
7 24
7 52
8 27
8 52
9 10
9 56
9 68
10 18
10 46
10 56
11 45
11 59
11 65
11 68
11 70
12 15
12 54
12 73
13 18
13 37
13 47
13 53
14 73
15 54
15 57
15 66
16 32
16 34
16 64
16 76
17 62
17 64
17 78
18 46
18 47
19 28
19 58
19 67
20 24
20 54
21 39
21 43
21 77
22 23
22 24
22 69
23 35
23 49
25 33
25 70
25 79
26 45
26 59
26 79
27 36
27 52
27 63
28 61
28 67
29 32
29 41
29 53
30 33
30 47
30 68
31 57
32 41
33 44
33 68
33 70
34 64
34 78
35 75
36 39
36 63
37 41
37 42
38 61
38 67
39 79
40 66
40 76
41 72
43 60
43 63
44 75
45 55
47 53
48 50
48 51
48 66
48 71
49 69
49 76
50 51
50 74
54 57
55 65
57 66
58 78
59 70
60 77
61 67
61 72
62 67
62 74
64 71
65 68
66 71
68 70
71 74
71 76
6 6 0.0040000 0.050000 0.050000
semilla: 1221226889
