80
0 425.083709 381.891813 641 1937 2085
1 11.623357 353.760467 673 2074 2094
2 320.424011 366.358914 671 2239 2161
3 407.783042 109.585181 641 2209 2144
4 310.520364 415.751874 637 2103 2101
5 2.729420 373.359468 647 2150 2138
6 260.872936 491.443140 647 2181 1983
7 310.356214 156.886273 627 2084 2159
8 414.308871 289.200536 598 1893 2012
9 12.617620 64.346274 633 1980 2105
10 478.045579 12.046854 651 2180 2116
11 408.570037 336.618811 636 2065 1973
12 9.335960 409.484188 666 2151 2075
13 307.473967 214.971111 626 2037 2115
14 434.695514 427.501925 609 2015 1996
15 54.535443 77.190310 681 2240 2155
16 433.420706 1.810389 636 1966 2038
17 371.488454 106.454092 637 2153 2116
18 347.701514 319.343042 628 2001 2084
19 85.788717 350.967757 656 2004 2116
20 190.386579 327.233169 625 2029 2017
21 357.037047 221.654363 637 2143 2208
22 361.650343 257.306783 631 2109 2099
23 364.618962 150.888221 645 1971 2158
24 173.231014 493.646677 630 2016 2027
25 224.738904 186.758082 604 2054 1993
26 411.260242 50.880593 643 1924 2027
27 128.326139 277.410463 666 2014 2164
28 455.217295 337.082199 637 2019 2075
29 285.948141 430.400406 645 2136 2090
30 391.657817 92.932454 620 2030 1981
31 354.708473 85.303990 607 2075 2088
32 205.089279 435.513503 675 2102 2159
33 421.739361 173.436072 631 2140 1960
34 65.932541 128.219697 645 2109 2000
35 297.700965 460.110666 641 2151 2072
36 336.847729 399.776947 611 1993 1981
37 125.838110 461.111683 693 2244 2192
38 93.933577 241.624634 603 2031 2094
39 94.009870 23.885234 652 2009 2118
40 157.532119 142.328496 654 2191 2018
41 51.898661 260.800916 634 2031 2006
42 21.177500 430.243014 656 2112 2035
43 455.167426 498.921096 637 2015 1948
44 232.366640 386.110588 681 2266 2125
45 82.628014 229.032479 651 2135 2060
46 391.678526 440.986748 615 1995 2017
47 320.321452 142.644130 639 2165 2044
48 112.518777 103.080438 640 2113 2078
49 297.985001 233.914164 597 1959 1897
50 88.694852 194.375662 660 2260 2073
51 351.023933 159.243315 669 2079 2141
52 136.828363 174.300946 629 2041 2013
53 7.082470 35.073248 626 2109 2119
54 16.458727 121.824040 644 2167 2129
55 59.306874 270.626859 662 2146 2146
56 426.567600 321.658365 648 2185 2105
57 179.606242 142.104644 680 2202 2095
58 383.630387 175.917637 626 2082 1969
59 294.531313 187.779963 599 1889 2006
60 299.126185 413.789910 661 2110 2074
61 380.671253 441.751515 639 2068 2076
62 221.122569 407.013973 687 2137 2164
63 108.985504 219.361032 638 2117 2084
64 164.398978 53.616683 673 2079 2109
65 147.935610 353.798961 624 2051 2091
66 347.794354 379.713674 624 2002 1984
67 361.902194 490.182945 626 2189 2049
68 19.141668 214.017940 620 2075 1984
69 364.085456 184.263918 607 2115 2028
70 229.355873 284.152730 651 1963 2067
71 380.981861 162.131557 623 1997 2027
72 35.695767 438.760668 628 2002 1977
73 385.564360 180.194873 623 2052 2049
74 267.311521 204.741256 631 2065 2061
75 113.513555 322.318295 629 2132 2023
76 292.726351 351.778764 655 2087 2013
77 401.404074 398.265816 633 1994 2090
78 22.133325 494.801170 642 2203 2139
79 233.267385 24.938396 607 1914 1895
146
0 11
0 14
0 28
0 77
1 5
1 19
1 55
2 18
2 36
2 66
2 76
3 30
3 33
3 71
4 36
4 60
5 12
6 24
6 32
6 35
7 47
7 59
8 18
8 22
8 33
8 56
9 15
9 53
9 54
10 16
11 18
11 56
11 66
12 42
13 21
13 49
13 59
13 74
14 43
14 46
14 77
15 34
15 39
15 48
15 54
16 26
17 23
17 30
17 31
17 47
18 22
18 66
19 37
19 55
19 72
19 75
20 27
20 44
20 65
20 70
21 22
21 69
22 49
23 51
23 71
24 32
24 37
25 27
25 57
25 70
25 74
26 30
27 38
27 75
28 56
29 35
29 44
29 60
29 62
31 47
31 79
32 37
32 62
33 73
34 48
34 50
34 52
34 54
34 68
35 61
35 67
36 61
36 66
37 65
37 72
37 78
38 41
38 45
38 55
38 63
39 48
39 53
39 64
40 48
40 52
40 57
40 64
41 45
41 55
41 68
42 72
43 46
43 67
44 60
44 62
44 76
45 50
45 63
45 68
46 61
46 77
47 51
47 79
48 64
49 70
49 74
50 52
50 63
50 68
51 69
52 63
54 68
55 75
57 64
58 69
58 71
58 73
59 74
61 67
62 65
64 79
65 75
66 77
70 74
70 76
72 78
6 6 0.0010000 0.050000 0.050000
semilla: 1227881007
