80
0 386.334472 123.467833 633 2005 2015
1 453.545908 246.078935 624 2104 2145
2 231.825994 299.472827 632 2006 2089
3 49.587318 414.053598 654 2039 2138
4 148.969222 225.712970 628 1943 2158
5 182.299581 409.061370 595 1971 2011
6 46.091073 152.659683 631 2045 2029
7 266.347866 8.582701 652 2119 2083
8 41.068551 239.135260 601 1969 1917
9 358.047860 210.385420 658 2143 2097
10 455.634312 345.889359 646 1991 2073
11 281.345297 70.403017 656 1997 2240
12 77.003329 194.956044 637 2201 1976
13 343.455674 459.509910 655 2159 2135
14 296.668902 114.231074 657 2159 2083
15 258.993391 401.927596 639 2219 2043
16 353.308712 59.519746 662 2057 2229
17 294.405348 70.688380 633 1952 1990
18 171.243119 83.107186 624 2050 1958
19 50.313179 113.598427 620 2137 1962
20 395.356291 253.177663 632 2206 2056
21 372.375073 7.857249 604 1964 2015
22 149.211974 305.642310 625 2009 2054
23 288.201491 302.451696 594 1897 1945
24 226.287698 217.332677 590 1970 1978
25 222.564629 143.726035 664 2212 2190
26 74.604549 378.659196 597 2041 2025
27 455.209393 204.268712 604 2095 2020
28 417.155444 131.549288 683 2226 2173
29 303.843930 204.928260 654 2156 2038
30 120.856738 239.187859 675 2039 2084
31 331.221875 346.060238 627 2030 2014
32 177.184496 439.819091 610 1924 2008
33 484.290026 462.465102 627 2142 2095
34 313.575390 261.582652 647 2039 1893
35 241.148103 476.165575 642 2111 1987
36 87.476532 218.081414 685 2218 2235
37 359.515663 379.754828 682 2077 2059
38 89.508156 363.575676 663 2210 2084
39 287.940361 413.639041 667 2207 2102
40 210.864160 493.942298 630 2011 2160
41 475.856403 218.570991 650 2134 2106
42 86.491448 161.761172 678 2083 2215
43 229.945844 199.798655 630 2212 2146
44 232.362313 313.387965 624 1970 2004
45 170.050229 34.199225 613 2044 2079
46 123.314268 42.906410 649 1963 2075
47 98.008409 227.329312 628 2067 2028
48 303.879285 299.141433 673 2117 2156
49 154.657070 321.377698 614 2019 2070
50 28.723327 252.948907 627 2076 2068
51 265.576169 38.668780 662 2080 2142
52 224.926224 335.040339 601 2096 2075
53 243.910992 412.049247 655 2097 2120
54 43.147500 180.031256 645 2081 2068
55 247.128124 482.372212 616 1999 2054
56 195.515418 27.635089 636 2121 2008
57 122.627484 0.119184 650 2150 2138
58 456.695708 184.763690 648 2014 2118
59 145.026069 453.141165 645 2086 2147
60 240.619343 89.299802 617 1918 2029
61 270.535267 386.229970 647 2212 2217
62 278.547496 47.756876 650 2220 2027
63 192.087073 407.431469 658 2131 2093
64 320.647295 119.091234 662 2199 2146
65 250.467245 102.992611 602 1858 2089
66 409.318286 412.428082 618 2106 2051
67 384.487608 83.222536 595 2016 2079
68 485.037571 26.452642 662 2041 2061
69 95.059787 169.831736 629 2095 2029
70 171.691086 112.078327 657 2060 2012
71 120.645912 195.850048 682 2268 2155
72 199.748013 164.854974 589 1941 1890
73 8.000229 459.845283 634 2059 2070
74 429.192161 432.648611 611 2073 1984
75 174.261867 319.197274 656 2083 2178
76 449.509026 398.203786 641 2014 2078
77 9.378841 130.183228 621 1992 1955
78 259.008105 149.213472 659 2123 2086
79 290.878362 292.636699 667 2066 2120
149
0 9
0 28
0 64
0 67
1 10
1 20
1 27
1 41
2 4
2 23
2 24
2 44
3 26
3 59
3 73
4 24
4 30
4 71
4 72
5 32
5 38
5 49
5 63
5 75
6 19
6 42
6 54
6 77
7 21
7 51
7 56
8 36
8 50
8 54
9 20
9 29
9 34
9 64
10 20
10 76
11 17
11 60
11 62
11 65
12 36
12 54
12 69
12 71
13 37
13 39
13 55
13 66
14 17
14 64
14 65
14 78
15 39
15 53
15 61
16 17
16 21
16 64
16 67
18 45
18 46
18 60
18 70
19 46
19 77
20 31
20 34
21 68
22 30
22 49
23 44
23 48
23 61
23 79
24 43
24 79
25 65
25 70
25 72
25 78
26 38
26 59
27 41
27 58
28 58
28 68
29 34
29 43
29 64
29 78
30 47
30 71
31 37
31 48
31 61
32 40
32 59
33 74
33 76
34 48
34 79
35 40
35 53
35 55
36 47
36 71
37 39
37 66
38 49
38 50
39 61
42 54
42 69
43 72
43 78
44 52
45 46
45 56
45 57
46 57
47 71
48 79
49 75
51 56
51 60
51 62
52 61
52 63
52 75
53 63
56 60
60 65
60 70
63 75
64 67
65 78
66 74
66 76
67 68
69 70
69 71
70 71
70 72
71 72
74 76
5 6 0.0050000 0.050000 0.050000
semilla: 1221226900
