80
0 425.416329 472.247809 630 2032 2092
1 53.571279 372.489273 666 2106 2168
2 448.971292 360.504312 704 2175 2187
3 390.664924 405.383565 619 1958 1900
4 445.708180 17.374340 615 1909 1985
5 329.965271 226.317129 637 2093 2060
6 9.556145 110.135935 611 1996 2102
7 217.854938 487.940828 655 2066 2048
8 37.727016 77.962529 643 2047 2058
9 458.363764 219.773194 618 1971 2116
10 204.672607 432.505682 629 2039 1979
11 388.387431 127.558508 625 1989 2021
12 460.835879 268.621457 631 2099 2015
13 477.749115 29.373213 607 1919 2059
14 452.091188 296.599199 588 1970 1922
15 303.569009 84.333766 629 2041 2064
16 339.217477 228.134889 628 2069 1956
17 171.848324 254.784956 655 2064 2060
18 150.810784 176.843313 603 2042 1970
19 278.150767 379.936797 624 1982 1899
20 362.531228 62.351682 647 2130 2042
21 266.103413 400.067547 677 2152 2123
22 401.222932 353.819913 625 2049 2051
23 91.496217 276.920920 639 2205 2091
24 321.978030 484.753198 589 1905 2038
25 455.606668 381.269122 631 2006 1863
26 464.029295 440.367002 615 2157 2042
27 38.660752 271.261206 611 1946 2008
28 407.809041 46.547029 600 2092 1981
29 139.092681 230.694538 672 2119 2250
30 182.174325 303.873695 636 2075 2083
31 439.637585 488.891924 620 2068 2036
32 271.508329 240.477271 639 2021 2017
33 316.524348 324.719126 642 2091 1959
34 272.720561 114.469133 650 2003 2048
35 262.478614 478.059611 638 1992 1946
36 54.574274 229.823416 669 2252 2179
37 334.137582 350.339163 646 2046 2106
38 31.740512 462.793265 606 2120 2106
39 81.373421 143.091459 600 2095 1997
40 491.010226 408.865684 688 2298 2233
41 66.877995 18.461130 659 2186 2149
42 64.065071 241.649734 669 2139 2165
43 160.839490 229.300081 611 2104 1929
44 384.495617 217.836088 655 2020 2010
45 248.456454 307.626631 660 2211 2098
46 325.735975 144.523591 645 2136 2103
47 14.287245 125.718903 651 2106 2195
48 21.987183 38.581268 638 2020 1967
49 289.381214 130.069067 639 2059 2104
50 192.214898 55.797223 584 1946 2017
51 52.608374 188.938998 596 1951 2009
52 329.244254 108.174366 669 2129 2161
53 50.938174 117.885151 678 2113 2092
54 32.463688 117.203423 640 1998 1987
55 237.862623 257.111609 658 2049 2088
56 102.650837 252.618959 662 2133 2155
57 173.550056 355.789659 644 2126 2079
58 24.817371 105.551391 626 2036 2022
59 240.175907 136.467494 615 2026 2022
60 400.539354 364.921152 649 2079 2118
61 60.981504 416.144698 640 2072 2153
62 396.649433 487.016836 640 2200 2113
63 365.390743 122.210888 638 1985 1991
64 204.422816 234.272944 650 1983 2069
65 404.459602 252.529506 671 2207 2251
66 28.142346 488.410606 596 1930 2028
67 437.005717 255.078552 655 2079 2109
68 172.277079 460.867493 617 1984 1953
69 354.357738 190.502230 635 2081 2265
70 348.351442 242.688794 639 2089 2122
71 44.801503 478.860502 642 1918 2068
72 297.041670 379.349235 633 2063 2174
73 291.548374 53.529844 669 2283 2089
74 327.737395 282.399543 622 2013 2015
75 276.457446 420.299803 651 2034 2095
76 216.644008 135.835408 661 2020 2141
77 36.888510 485.179844 626 2070 2074
78 207.195227 330.186302 617 1992 2060
79 151.918560 295.235762 644 2100 2051
144
0 3
0 26
0 31
0 62
1 23
1 27
1 57
1 61
2 14
2 22
2 25
2 60
3 24
3 25
3 26
3 37
3 60
3 62
4 13
4 28
5 16
5 32
6 47
6 58
7 10
7 35
7 68
8 48
8 58
9 11
9 12
9 44
9 67
10 21
10 57
10 68
10 75
11 28
11 63
11 69
12 14
12 67
14 22
15 20
15 34
15 49
15 52
15 73
16 44
16 69
16 70
17 30
17 43
17 64
17 79
18 29
18 39
18 43
18 76
19 21
19 45
19 72
19 78
20 28
20 52
20 63
21 75
22 37
22 60
23 27
23 42
23 56
23 79
24 35
24 62
24 75
25 26
25 40
26 31
26 40
27 42
29 43
29 56
30 55
30 57
30 78
30 79
32 49
32 55
32 59
32 74
33 37
33 45
33 74
34 49
34 50
34 59
35 75
36 42
36 51
37 60
37 72
38 61
38 71
38 77
39 50
39 51
39 53
41 48
41 50
42 56
43 64
44 65
44 69
44 70
45 55
45 78
46 49
46 52
46 63
46 69
47 51
47 54
47 58
49 52
50 73
50 76
52 63
53 54
54 58
55 64
56 79
57 61
57 78
59 76
61 68
63 69
64 76
65 67
65 70
66 77
68 71
70 74
71 77
5 6 0.050000 0.050000 0.050000
semilla: 1227881092
