80
0 386.307080 163.085575 617 1928 1975
1 363.700095 207.501166 639 2211 2206
2 480.126807 491.245102 634 2111 2035
3 418.389263 368.344236 624 1950 2093
4 448.878281 297.269229 619 2075 2078
5 257.626313 425.444904 633 2142 2030
6 297.580351 432.959719 630 2097 2077
7 247.579041 60.946881 590 1950 2007
8 395.999852 69.505642 616 1929 1921
9 371.913713 253.772336 629 2074 2091
10 145.368369 206.183899 636 1889 2097
11 347.114827 458.892586 642 2109 2007
12 201.580763 467.883019 657 1993 2003
13 442.968171 466.051061 622 1992 2021
14 464.192136 177.236592 630 2065 2044
15 424.395152 309.321338 607 2147 2122
16 402.559792 322.426025 623 1999 2023
17 376.927720 24.191597 637 2101 2153
18 25.097905 320.484941 691 2160 2230
19 167.341230 4.049527 603 1972 2058
20 110.539477 336.996158 680 1993 2077
21 114.314150 277.913214 633 1988 2041
22 49.093797 119.440492 633 2214 2079
23 286.659097 379.434895 626 2162 1975
24 373.248165 181.908292 641 2059 2181
25 49.541279 140.272209 598 1977 2026
26 2.302006 189.816875 673 2249 2165
27 426.632260 408.396695 680 2144 2166
28 340.102103 96.041186 641 2099 2115
29 498.912548 223.197264 704 2198 2178
30 243.667699 323.013926 643 2197 1974
31 78.518284 156.800123 654 2135 2073
32 95.071584 368.108888 634 2309 2122
33 381.402320 228.791239 662 2200 2131
34 164.485752 12.029290 611 1964 2091
35 307.421020 325.077708 652 2201 2141
36 480.138045 180.122784 613 2038 2017
37 394.772551 442.268124 648 2122 2190
38 170.263811 123.873055 699 2353 2229
39 138.034185 440.555008 640 2054 1973
40 21.819697 223.639731 608 2130 1912
41 418.427243 6.674652 624 2020 1974
42 194.762468 372.795142 619 2039 2090
43 199.928462 197.666979 659 2199 2140
44 199.978064 31.320093 614 1956 2062
45 103.047155 413.532266 616 1948 2083
46 266.439218 43.936343 619 1928 2057
47 95.955747 228.239687 615 1960 1953
48 288.848877 183.073299 654 2030 1878
49 169.107935 197.063620 608 1962 1954
50 102.056194 258.447157 648 2138 2164
51 380.497186 16.199901 637 2147 1998
52 137.939462 348.534539 626 1953 1998
53 374.993119 9.352676 630 2154 2092
54 422.499259 445.053275 634 2038 2170
55 74.031246 243.146419 635 2112 2217
56 399.517603 192.356508 654 2030 2198
57 107.379024 219.251901 651 2040 1959
58 2.185559 232.688453 651 2071 2042
59 260.126295 442.634843 633 2081 2048
60 147.253069 382.333437 609 2076 2116
61 498.781963 28.452446 625 1985 2026
62 325.832394 265.051610 621 2140 1978
63 121.691211 264.186360 615 2083 2054
64 355.854186 341.302916 653 2058 2075
65 422.043400 283.429088 648 1895 2003
66 293.939054 233.679172 648 1997 2058
67 299.839748 406.652066 655 2209 2170
68 434.082752 128.813922 627 1985 1984
69 393.689707 242.907312 622 2119 2074
70 440.799274 13.390100 621 2133 2039
71 197.546450 163.178123 653 2102 2132
72 495.725314 155.358511 624 1952 1969
73 448.099415 206.864440 645 1999 2090
74 6.707088 226.033502 691 1976 2217
75 295.594433 55.639252 652 1982 2071
76 23.727448 287.210201 638 2033 2077
77 281.575676 442.381813 625 2063 2018
78 71.238543 306.199021 630 1992 2066
79 277.671203 319.911284 625 2043 2005
132
0 24
0 28
0 56
0 68
1 24
1 33
1 48
1 56
1 66
2 13
3 16
3 27
3 64
4 15
4 29
4 65
5 23
5 42
5 59
5 67
6 11
6 67
6 77
7 38
7 44
7 46
7 48
8 17
8 28
8 68
9 33
9 62
9 64
9 69
10 49
10 57
11 37
12 39
12 42
12 59
13 54
14 36
14 68
14 73
15 16
15 65
16 64
17 51
17 75
18 76
18 78
19 34
20 21
20 32
20 52
20 78
21 50
21 63
21 78
22 25
22 34
23 35
23 42
23 67
23 79
24 56
25 26
25 31
26 40
26 74
27 54
28 48
28 75
29 36
29 73
30 42
30 43
30 63
30 79
31 38
31 40
31 57
32 45
32 60
33 56
33 69
34 44
35 62
35 64
35 79
36 72
37 54
38 44
38 71
39 45
39 60
40 55
40 74
41 51
41 70
42 60
43 48
43 49
43 66
43 71
45 60
46 75
47 50
47 55
47 57
48 66
48 71
49 71
50 55
50 63
51 53
52 60
55 76
55 78
56 73
58 74
58 76
59 77
61 68
61 70
61 72
62 66
65 69
65 73
68 72
69 73
76 78
5 6 0.050000 0.050000 0.050000
semilla: 1221226893
