80
0 424.758914 423.073605 603 2085 1921
1 322.327647 360.763845 650 2269 2075
2 33.946822 44.244299 612 2027 2064
3 100.487476 393.009615 642 2054 2069
4 170.118884 188.079977 618 2092 2020
5 101.407259 351.795051 624 2062 2106
6 288.083520 319.723221 646 2073 2028
7 95.392640 264.093091 632 2198 2072
8 374.918372 253.083449 670 2038 2116
9 49.007963 176.837152 653 2208 2299
10 205.787859 176.546576 637 2105 1975
11 464.899879 72.261307 654 2138 2104
12 159.042117 20.860875 634 2125 2102
13 45.224980 96.242884 593 2040 2210
14 107.887063 257.863808 643 1949 2154
15 63.346009 156.377722 671 2146 2124
16 162.947812 163.883450 703 2265 2330
17 443.508109 40.788829 613 2004 2029
18 346.548214 435.840821 617 1973 2030
19 13.909817 282.286178 638 2104 2002
20 233.229051 380.652113 634 2090 2060
21 39.321630 378.628379 620 2007 1972
22 61.600878 325.963231 638 2014 2060
23 148.172565 336.301743 651 2120 2060
24 427.670588 359.576172 662 2175 2145
25 425.538683 28.645898 648 2144 2015
26 293.135149 222.442681 643 2080 2061
27 304.649832 249.720309 636 2080 2037
28 37.175629 310.801734 665 2092 1990
29 253.294480 120.320074 616 2072 1951
30 124.744137 74.704559 623 1979 2112
31 370.765903 462.531270 649 2339 2048
32 1.619417 217.549148 625 2094 1951
33 284.998339 467.080249 620 1915 2102
34 0.475695 495.007951 636 2016 1973
35 357.259952 468.016019 609 2066 1936
36 419.316671 455.282555 632 2058 2190
37 18.358715 54.925021 625 1965 2074
38 381.674610 305.174574 672 2224 2166
39 343.909902 93.722238 614 2022 1906
40 44.173724 427.779917 618 2043 2111
41 112.552375 167.772546 639 2096 2058
42 318.272673 208.822511 642 2091 2120
43 89.185354 438.238676 655 2098 2100
44 269.384285 41.671763 673 2188 2201
45 4.204036 157.236485 618 2019 2066
46 390.613528 41.567624 593 1968 2078
47 355.088049 464.839757 617 2045 2062
48 405.858757 268.135557 674 2183 2204
49 332.266744 407.168897 604 1962 2008
50 9.498618 143.270189 662 2238 2144
51 227.406025 13.055000 668 2188 2146
52 207.877059 289.732265 621 2013 2064
53 328.275957 334.006475 660 2110 2043
54 315.785789 411.749208 628 2061 1918
55 395.954268 303.382355 637 2065 2176
56 94.152950 428.623279 652 2098 2110
57 89.187229 469.759378 608 2049 2160
58 183.517351 376.120501 633 1904 2003
59 473.103271 446.673234 643 2067 2084
60 82.352921 105.542228 633 2086 2106
61 131.185054 327.201046 666 2116 2185
62 63.404206 134.482134 627 2203 2065
63 492.749095 134.038988 653 2234 2012
64 327.416919 396.155257 594 1948 1913
65 50.841281 489.405541 638 1952 2142
66 439.843384 447.751905 616 2034 1972
67 12.939436 473.099197 632 2103 2023
68 163.539685 111.484441 635 2028 2131
69 457.261760 198.408159 647 2121 2021
70 4.674169 58.750629 630 2131 2088
71 380.501246 84.434102 604 2021 1984
72 498.457690 78.399771 623 2061 2280
73 445.439830 7.217743 657 2040 2181
74 25.280606 391.145267 631 2030 2021
75 459.452020 10.095983 612 1971 1878
76 362.859884 86.070057 626 2011 1967
77 125.415007 350.025616 625 2027 2063
78 408.366095 408.966478 633 1967 2045
79 60.908331 186.316859 652 2075 2149
135
0 36
0 66
0 78
1 20
1 24
1 53
1 64
2 37
3 5
3 21
3 56
4 10
4 14
4 16
4 52
5 21
5 22
5 77
6 20
6 27
6 52
6 53
7 14
7 22
7 28
7 32
7 61
7 79
8 27
8 38
8 42
8 48
9 15
9 32
9 45
9 79
10 16
10 26
10 29
10 52
11 17
11 71
11 72
12 30
12 51
13 37
13 50
13 60
13 62
14 41
14 52
14 61
14 79
15 41
15 50
15 62
16 41
16 68
17 25
17 73
17 75
18 33
18 47
18 49
18 78
19 28
19 32
20 33
20 52
20 54
20 58
21 22
21 74
22 28
23 52
23 58
23 61
23 77
24 55
24 78
25 46
25 73
26 27
26 29
26 42
26 52
27 52
29 39
29 42
29 44
29 68
30 60
30 68
31 35
31 36
31 78
32 45
33 47
33 54
34 67
35 47
36 66
37 70
38 53
38 55
39 42
39 44
39 76
40 43
40 65
40 67
40 74
41 79
43 56
43 57
44 51
45 50
46 71
48 55
48 69
49 54
49 64
50 62
52 58
54 64
57 65
59 66
60 62
61 77
63 69
63 72
65 67
69 71
71 76
73 75
5 6 0.0010000 0.050000 0.050000
semilla: 1227880924
