80
0 425.216757 118.034211 695 2113 2315
1 2.522237 391.243431 610 2053 1863
2 80.645694 412.170715 622 2010 2050
3 232.346268 43.730412 649 2129 2021
4 375.003592 185.367721 623 1943 2087
5 249.364508 69.293217 616 2041 1933
6 375.163313 369.808464 633 2162 2106
7 94.681957 319.644854 654 2028 2173
8 386.236172 471.344762 614 2044 2028
9 361.397627 9.924447 658 2023 2019
10 294.346274 77.819523 628 2124 2068
11 461.027167 483.588293 646 2041 2120
12 331.690641 224.603988 661 2277 2107
13 108.861657 137.863777 589 1902 1893
14 296.488762 86.623605 653 2133 2163
15 187.797372 310.428703 666 2100 2106
16 423.492762 142.854707 613 2045 2143
17 415.532068 347.464261 634 2055 2087
18 286.932856 480.502598 624 2017 2113
19 436.801636 325.101786 641 2102 1960
20 11.518101 84.719265 617 2126 1974
21 476.812379 285.649238 617 2148 2090
22 390.526649 81.386259 650 2110 1979
23 285.356651 489.240517 622 2159 2042
24 152.541088 258.074033 642 2232 2211
25 365.587284 425.486562 645 2062 2006
26 47.036469 41.926734 617 1982 2066
27 418.493324 117.302974 621 2090 2085
28 334.804564 60.313949 637 2226 2160
29 457.931890 461.269636 612 1958 1997
30 441.652964 361.371121 613 2050 2124
31 253.453537 293.588675 691 2212 2204
32 128.001627 323.342861 657 1921 2174
33 193.074031 495.241108 616 1999 1992
34 495.249359 155.983446 641 1994 2092
35 393.500794 67.839307 624 2086 1908
36 49.874890 247.282719 625 1997 1870
37 51.815484 362.843099 645 2088 2112
38 156.177053 367.730912 608 1950 2049
39 36.096753 178.121588 612 2064 1940
40 73.345171 212.286579 644 1986 2089
41 262.857888 352.519977 638 2227 2208
42 269.768102 492.482275 611 1839 2037
43 427.162466 319.571171 635 2050 2043
44 406.893870 165.270041 613 1860 1993
45 135.968846 228.392480 650 2147 2144
46 82.768767 94.669983 621 2109 2009
47 327.494607 201.855833 634 2092 2048
48 296.293276 301.086398 621 1922 2098
49 144.815771 418.662804 659 2057 2104
50 285.269547 25.279015 666 2168 2143
51 428.763350 225.622997 631 2073 2057
52 484.176218 49.696542 626 2158 2070
53 61.890385 191.699176 635 2128 2010
54 135.906480 180.206845 662 2054 2012
55 465.108361 76.228567 632 2094 2025
56 291.158512 1.109581 637 2056 2172
57 487.648395 406.572822 599 1947 1988
58 205.743438 429.961820 621 2007 2084
59 291.770871 293.031688 618 2070 2029
60 127.501448 416.840067 657 2133 2069
61 345.192010 142.111678 661 2137 1975
62 140.872348 141.551705 638 2026 2006
63 11.201352 261.117239 655 2130 2076
64 461.501043 448.034272 637 2112 2068
65 335.098677 3.460513 615 2022 1903
66 160.267554 116.773350 639 2182 2156
67 272.591607 447.140086 635 1926 2050
68 239.056744 326.692925 672 2072 2016
69 118.572435 346.909978 617 1852 2031
70 151.578459 79.168709 637 2076 2085
71 88.900379 148.676782 642 2083 2154
72 23.548079 272.559286 643 2097 2029
73 332.044410 170.402370 672 2134 2135
74 495.619067 369.658882 658 2170 2146
75 287.188566 278.235881 640 2085 2160
76 353.541042 464.294942 684 2094 2114
77 460.665319 402.014143 607 2165 2005
78 410.828540 295.264964 630 2053 2067
79 209.308608 349.779694 645 2182 2165
143
0 16
0 27
0 55
1 37
2 37
2 60
2 69
3 5
3 50
3 70
4 44
4 47
4 51
4 61
4 73
5 10
5 50
5 66
6 17
6 25
6 41
6 48
7 32
7 36
7 37
7 69
7 72
8 11
8 25
8 29
8 76
9 28
9 35
9 65
10 14
10 28
10 50
11 29
12 47
12 75
12 78
13 46
13 54
13 62
13 71
14 61
15 24
15 32
15 38
15 68
15 79
16 34
16 44
17 19
17 30
17 43
18 23
18 67
18 76
19 21
19 30
19 43
20 26
20 39
20 46
21 51
21 74
21 78
22 27
22 28
22 35
22 61
23 42
24 32
24 45
25 41
25 76
25 77
26 46
27 61
28 35
28 50
28 61
28 65
29 64
30 74
30 77
31 59
31 68
31 75
32 69
33 42
33 49
33 58
34 51
34 55
35 55
36 40
36 72
37 69
37 72
38 49
38 58
38 69
38 79
39 53
40 45
40 53
40 54
41 48
41 58
41 67
41 68
43 78
44 51
45 54
46 70
46 71
47 54
47 73
48 59
48 78
49 58
49 60
50 56
51 78
52 55
53 71
54 62
56 65
57 64
57 74
57 77
58 67
58 79
59 75
60 69
61 73
62 66
63 72
64 77
66 70
68 79
5 6 0.050000 0.050000 0.050000
semilla: 1227881041
