80
0 386.314906 294.623363 596 2112 1983
1 209.477892 194.927103 604 2145 2032
2 266.512719 279.262207 626 1898 1933
3 159.819113 79.838878 639 1942 2025
4 157.934690 408.334290 670 2132 2158
5 397.482073 481.206834 631 2019 2042
6 34.698430 176.509084 604 2042 2043
7 81.287468 198.472829 666 2083 2065
8 118.949041 176.536988 634 2145 2066
9 383.131940 298.513284 641 2105 2173
10 404.961822 193.347016 613 2088 2159
11 469.042139 191.224253 660 2010 2106
12 288.702521 223.276746 636 2214 2141
13 88.854400 375.901082 675 2164 2152
14 397.845703 92.728586 642 2001 2095
15 389.234714 367.833035 628 2015 2120
16 268.777910 350.326328 645 2063 2173
17 352.329491 101.749145 616 2016 2053
18 365.478256 93.055682 647 2042 2058
19 378.902786 219.118528 668 2194 2119
20 73.304860 34.781272 630 2036 2030
21 210.588840 366.632779 663 2100 2165
22 455.619029 89.027920 658 2076 2140
23 252.938138 131.281002 622 2195 1967
24 152.349485 37.789180 652 2094 1979
25 482.227168 292.017122 658 2148 2102
26 484.699429 343.311125 649 2065 2151
27 380.567525 198.384717 627 1948 2015
28 406.206181 107.291832 658 2199 2027
29 402.827476 321.383088 613 2044 1942
30 463.556772 498.672278 593 1932 1869
31 371.381645 311.304123 645 2177 2135
32 227.481938 288.925369 607 2119 2012
33 89.230054 189.511427 617 1875 2010
34 39.715892 4.992179 657 2043 2133
35 300.400248 326.967081 587 1979 1959
36 228.690623 103.303776 634 2002 2105
37 37.593179 328.562261 615 2085 1960
38 384.205856 347.823031 623 2184 2197
39 21.614980 282.968232 636 1955 2077
40 227.447279 206.424358 598 2006 2085
41 317.298712 339.446838 604 2038 2033
42 103.105909 401.004842 624 2195 1996
43 260.909111 99.422897 594 1952 1931
44 66.836780 325.760927 620 1967 1956
45 281.128113 420.192221 661 2139 2155
46 206.620517 171.030063 651 2095 2155
47 84.299343 319.057446 681 2087 2044
48 136.096057 366.423513 617 2003 2137
49 331.886883 22.843393 633 2017 2037
50 138.850900 167.079264 618 1924 2084
51 130.480351 483.262956 621 2192 2111
52 452.053130 156.957865 675 2185 2207
53 135.637481 159.140289 604 1941 1998
54 33.073485 366.060933 631 2045 2005
55 409.715146 82.455197 660 2154 2136
56 208.768923 279.295558 617 2067 1991
57 267.976302 377.709056 669 2254 2111
58 67.735367 428.317426 641 1962 2069
59 55.972979 237.865282 631 1990 1958
60 457.338875 494.466648 630 1982 2032
61 107.906012 76.350078 632 2144 2062
62 245.799676 155.149461 622 2060 2027
63 447.305487 363.311824 665 2190 2110
64 69.541028 276.058179 658 2107 2020
65 448.764425 383.698466 645 2128 1907
66 88.400246 242.937059 639 2049 2205
67 265.094905 450.061365 629 1963 2061
68 237.668242 490.138549 621 2159 1977
69 13.508951 44.932721 645 1977 2088
70 333.338898 426.859750 625 2015 1949
71 384.769565 322.077383 614 2072 2073
72 121.048140 456.083895 650 2116 2009
73 13.842754 155.171609 614 2102 2124
74 189.347955 371.072208 575 1987 1929
75 118.708002 125.385207 650 2030 2144
76 119.187654 186.901644 616 1885 2004
77 32.715237 344.992444 572 1920 1963
78 226.311308 114.153077 650 2032 2080
79 193.881584 67.777636 634 2204 2110
136
0 9
0 19
1 40
1 46
2 12
2 32
2 35
2 40
3 24
3 61
3 75
3 79
4 42
4 48
4 67
4 68
4 72
4 74
5 15
5 60
5 65
5 70
6 7
6 59
6 73
7 33
7 59
7 66
8 50
8 76
9 31
9 71
10 11
10 27
10 28
10 52
11 25
11 52
12 17
12 19
12 31
12 40
12 62
13 42
13 44
13 47
13 48
13 54
14 18
14 28
14 55
15 38
15 63
15 65
15 70
16 21
16 32
16 35
16 57
17 18
17 27
17 43
18 49
19 27
20 24
20 34
20 61
20 69
21 32
21 57
21 74
22 28
22 52
22 55
23 43
23 62
23 78
24 61
24 79
25 26
25 29
26 63
28 52
29 63
29 71
30 60
31 41
31 71
32 56
33 76
34 69
35 41
36 43
36 78
36 79
37 39
37 44
37 77
38 41
38 71
39 59
39 64
40 56
40 62
41 70
42 48
42 58
42 72
43 49
44 47
45 57
45 67
45 70
46 50
46 62
46 78
47 48
47 56
47 64
48 74
50 53
51 68
51 72
53 75
54 58
54 77
56 66
58 72
59 64
59 66
60 65
61 75
63 65
64 66
67 68
69 73
5 6 0.050000 0.050000 0.050000
semilla: 1221226895
