80
0 386.310993 228.854469 629 2097 2055
1 228.759823 266.349206 638 1922 1920
2 278.739097 268.006511 634 2152 2102
3 211.268799 294.701085 610 2238 2112
4 406.198031 470.310804 663 2156 2102
5 422.516184 229.502666 636 2129 2103
6 389.539324 487.425094 605 2029 2026
7 33.461198 382.362503 611 1945 1967
8 406.172591 42.736686 671 2187 2149
9 173.406102 436.349779 627 1994 2020
10 34.737717 336.812033 605 1961 1968
11 279.503903 122.094080 639 2246 2103
12 56.454020 322.708212 625 2002 2018
13 387.133785 57.528497 638 2023 2048
14 37.342922 122.483588 644 2066 2096
15 289.143113 128.297763 649 2084 2203
16 320.859443 184.659847 631 2035 1975
17 141.662113 415.136580 611 2075 1987
18 109.222930 209.791926 670 2138 2130
19 228.640033 253.035280 682 2078 2144
20 165.346830 484.175658 632 2045 2164
21 30.646922 82.815504 621 2077 1994
22 160.657313 167.452246 628 2096 2117
23 58.819891 85.907718 624 1994 2038
24 67.817572 309.937697 668 2161 2211
25 209.833683 174.703667 618 2080 2113
26 220.473990 6.352952 633 2089 2104
27 105.023559 130.963922 619 2078 1995
28 52.277031 120.054646 627 2072 2097
29 393.090718 175.695920 704 2090 2194
30 480.438533 230.424083 662 2170 2134
31 347.721450 154.409476 647 2095 2074
32 487.513345 136.792688 629 1932 2186
33 183.132816 413.237815 664 2109 2121
34 429.103258 438.453845 632 1973 1974
35 298.991261 146.126809 658 2063 2080
36 32.860022 278.394567 646 2091 2115
37 173.880251 405.374184 632 1965 2095
38 437.945070 42.786722 656 2166 2088
39 58.943535 163.988762 672 2152 2173
40 21.270141 487.263959 626 1992 2017
41 349.652936 116.893900 641 2094 1962
42 394.364624 86.243431 663 2204 2095
43 219.838196 320.557073 648 2087 2181
44 151.350322 244.869969 613 2020 1971
45 167.944010 134.979305 635 2033 2023
46 304.751452 457.649307 626 2028 2060
47 25.028448 153.119355 639 2058 2008
48 374.886323 214.425758 662 2093 2083
49 313.333013 187.953539 635 2208 2215
50 292.342325 397.450300 679 2246 2269
51 258.380176 95.624536 637 2158 2097
52 463.320129 21.401424 655 2190 2106
53 244.604630 70.017150 630 2161 2055
54 199.667991 319.928636 635 2117 2027
55 11.344142 160.995109 651 2230 2198
56 232.116945 189.497909 677 2116 2113
57 160.139237 460.158603 678 2090 2141
58 385.937089 444.651706 651 1976 2104
59 57.580348 252.914952 660 2152 2134
60 54.207692 68.674657 610 2060 2015
61 212.214316 186.006904 638 2038 2098
62 229.152134 359.916606 642 2099 2078
63 73.491623 173.707104 650 2096 2017
64 8.132457 182.209358 608 1964 2088
65 226.425751 37.592892 631 2149 2166
66 228.088956 491.079021 621 2164 2099
67 40.949346 235.659080 639 2087 2009
68 459.002187 449.748928 608 2054 2068
69 330.168366 139.725470 666 2120 2207
70 392.216550 483.562050 634 2025 2101
71 441.783987 63.464900 674 2194 2085
72 360.892842 25.991468 638 2134 2049
73 4.963152 415.697561 622 2035 2085
74 300.682994 79.083711 663 2044 2124
75 204.332318 213.265037 620 2068 2112
76 401.089252 107.064958 627 2063 2046
77 63.464220 143.148517 638 2153 1995
78 346.578487 444.633087 668 2221 2059
79 495.961759 129.283592 632 2011 2171
132
0 5
0 48
0 58
1 2
1 3
1 19
2 49
3 43
3 44
3 54
4 34
4 58
4 70
5 29
5 30
5 34
6 70
7 10
7 17
7 73
8 13
8 38
9 17
9 33
9 57
9 66
10 12
11 15
11 51
11 56
11 74
12 17
12 24
13 42
13 72
13 74
14 21
14 28
14 47
15 35
16 31
16 35
16 48
16 49
16 69
17 37
17 40
18 22
18 44
18 59
18 63
19 75
20 57
20 66
21 23
21 60
22 25
22 27
22 44
22 45
23 28
23 60
24 36
24 44
24 54
24 59
25 45
25 51
25 61
26 60
26 65
27 45
27 63
27 77
28 77
29 31
29 32
29 48
29 76
30 32
30 34
31 41
31 48
31 69
32 76
32 79
33 37
33 62
34 58
34 68
35 49
35 56
35 69
36 59
38 52
38 71
39 47
39 63
39 77
40 57
40 73
41 42
41 69
41 74
41 76
42 71
42 76
43 54
43 62
44 75
45 51
45 53
46 50
46 66
46 78
47 55
47 77
49 56
50 62
50 78
51 53
51 74
53 65
55 64
56 61
58 78
59 67
61 75
63 67
64 67
71 79
72 74
5 6 0.050000 0.050000 0.050000
semilla: 1221226894
