80
0 386.322732 426.161151 657 2161 2079
1 467.551231 133.537795 655 2017 2060
2 436.166316 147.269238 599 1953 2052
3 258.105253 474.983083 596 2036 1952
4 192.930668 85.732891 624 2041 1993
5 37.337834 36.968764 647 2256 2077
6 233.401851 284.904263 677 2072 2196
7 153.404340 266.734328 652 2080 2062
8 0.225788 294.810795 678 2011 1996
9 235.046113 420.013690 656 2116 2097
10 370.995028 313.429739 624 2051 2060
11 80.180278 89.933779 626 2036 1970
12 267.970684 283.291737 644 2023 2067
13 93.302802 140.200929 663 2045 2124
14 58.429774 29.206430 644 2121 1986
15 299.063588 361.730222 578 2011 1876
16 9.956671 341.772228 673 2002 1937
17 240.677313 63.600597 628 1976 2150
18 166.604821 127.225695 613 2068 2104
19 301.695839 101.972957 649 2139 1965
20 486.039291 362.369926 637 2110 2089
21 183.138408 7.216857 624 2075 1960
22 477.161729 157.179289 632 2068 2043
23 479.548182 266.296490 612 1937 2030
24 405.905184 48.420659 697 2164 2302
25 30.909268 492.074549 628 2074 2112
26 4.435023 39.428692 622 2065 1982
27 398.079925 29.302320 662 2086 2063
28 443.847803 250.027374 629 2051 2170
29 82.629992 262.282809 666 2076 2097
30 88.392041 105.040346 634 2033 2130
31 119.340186 250.499333 631 2032 2139
32 161.697547 150.676792 689 2238 2154
33 318.395899 279.871563 617 2019 2157
34 279.808439 240.433920 634 2232 2110
35 349.765327 5.846818 640 2104 2074
36 284.525435 18.991382 623 1964 1975
37 324.584352 289.196300 587 2092 1978
38 237.145142 198.398381 634 2090 1998
39 53.362528 364.002284 637 2103 2009
40 326.074056 326.655506 661 2068 2152
41 315.829613 148.300558 664 2107 2107
42 24.882783 204.937134 658 2090 2235
43 89.332012 403.122369 644 1928 1998
44 454.596177 397.946086 638 1897 2011
45 389.316593 243.982674 640 2192 2052
46 361.595041 327.854996 641 2132 2060
47 80.975546 456.006773 648 2103 2074
48 29.911291 219.061708 647 2044 2121
49 51.376657 487.476195 599 2058 1894
50 329.834349 25.898193 637 2099 2234
51 416.441815 137.579700 666 2135 2011
52 299.310036 3.781368 621 2090 2070
53 485.244049 496.735209 653 2139 2223
54 25.001370 198.019896 630 1971 2029
55 220.287081 364.965727 638 2031 2078
56 385.673443 13.549264 601 1948 2065
57 461.959312 150.152093 644 1998 2137
58 190.377669 177.487332 619 2061 2020
59 362.404726 436.224556 649 2171 2033
60 95.416803 170.211218 630 2023 1990
61 151.504573 337.354786 617 2009 2013
62 16.092144 460.659628 631 2091 2084
63 324.793638 306.675786 659 2109 2233
64 375.874718 326.379746 655 2129 2239
65 134.121942 187.481942 646 2123 2115
66 365.745848 90.474864 642 2202 2155
67 172.698358 41.309412 636 2118 2080
68 82.225517 464.263252 676 2189 2163
69 283.475485 372.473555 636 1984 2034
70 429.496078 40.575467 598 2080 2054
71 232.826393 113.182788 598 1828 2064
72 145.793542 352.062091 638 2042 1993
73 371.504011 367.909610 663 2145 2181
74 273.311290 42.844648 652 2089 2176
75 152.596917 196.381357 623 2003 2005
76 144.192965 451.160016 652 2084 2114
77 399.884221 354.100071 637 2042 2122
78 176.544336 180.658827 643 2012 2198
79 15.139977 457.589342 661 2169 2092
139
0 44
0 53
0 59
0 73
1 57
1 70
2 28
2 45
2 51
2 57
3 9
3 59
4 17
4 18
4 67
4 71
5 11
5 14
5 26
6 7
6 12
6 38
6 55
6 61
7 31
7 38
7 61
7 75
8 16
8 29
8 48
9 55
9 69
9 76
10 45
10 46
10 64
11 14
11 30
11 67
12 15
12 33
12 34
13 30
13 32
13 60
14 67
15 40
15 59
15 69
15 73
16 39
17 19
17 67
17 71
17 74
18 30
18 32
18 71
19 41
19 50
19 66
19 71
19 74
20 23
20 44
21 67
22 28
22 57
23 28
23 77
24 27
24 51
24 66
24 70
25 49
25 62
27 56
28 45
29 31
29 39
29 48
30 67
31 65
31 75
32 65
32 78
33 34
33 37
33 45
34 38
34 41
35 50
35 56
36 52
36 74
37 45
37 63
38 41
38 58
38 71
39 43
39 79
40 46
40 63
41 45
41 51
41 66
42 48
42 54
43 47
43 72
43 76
44 53
44 77
46 64
46 73
47 68
47 76
49 68
50 52
50 66
51 66
54 60
55 61
55 69
55 72
58 71
58 78
60 65
61 72
62 79
64 73
64 77
65 75
68 76
72 76
73 77
75 78
5 6 0.0030000 0.050000 0.050000
semilla: 1221226897
