80
0 386.303166 97.316681 606 2076 2022
1 61.375187 32.768582 623 1944 2064
2 228.066928 120.856536 603 1944 2001
3 239.523896 178.118305 660 2181 2252
4 306.154395 36.915046 607 2140 2103
5 196.749305 265.576600 619 2051 2071
6 362.199864 493.115143 643 2136 2162
7 196.605328 345.741489 623 1999 2083
8 286.865212 343.612894 635 2123 2249
9 167.689801 362.478237 653 2100 2076
10 290.788598 283.974889 624 2033 1973
11 286.590223 221.875749 634 2041 1992
12 221.916270 246.743408 609 2023 2160
13 84.584566 112.794708 606 2018 2028
14 483.448316 315.852649 665 2048 2109
15 276.965138 453.077151 614 2162 1952
16 228.916858 405.639625 654 2128 2104
17 12.959350 307.797792 707 2307 2182
18 420.289531 306.148865 633 2005 2243
19 248.992792 321.846998 656 2067 2182
20 55.468704 262.510004 633 1935 2063
21 304.395802 480.251959 644 2073 2153
22 308.932232 224.029084 614 2040 2017
23 94.797556 262.521457 645 2044 1946
24 35.378647 108.924938 610 1943 2042
25 437.245128 278.873258 621 2038 2020
26 325.362432 366.394091 625 1997 1996
27 398.160492 383.393337 641 2066 2026
28 223.926807 37.840104 629 2052 2008
29 137.353150 494.384310 634 2024 2009
30 76.309468 33.235397 618 2018 2079
31 106.260919 427.262755 648 2056 2156
32 148.525514 268.321802 625 1990 2038
33 318.579395 363.895415 664 2184 2157
34 71.799211 229.347182 637 2037 2024
35 448.128122 189.340539 652 2006 2225
36 191.416572 138.320636 642 2061 2148
37 377.283728 7.615250 617 1940 2057
38 102.794873 173.424540 629 2022 2070
39 179.919060 399.636461 660 2149 2160
40 362.497704 498.915706 666 2173 2133
41 312.633101 424.521398 636 2147 2105
42 187.895666 462.465684 609 1993 1926
43 191.316163 450.748025 626 2113 1959
44 107.205009 294.592493 614 2228 2181
45 136.977532 181.384422 611 2038 2065
46 45.801723 289.561224 609 2126 2053
47 452.189889 455.468600 609 1987 2119
48 426.463245 67.761188 600 2024 1925
49 299.835977 343.262389 643 2167 2107
50 376.228326 269.474118 617 2104 1942
51 372.140998 73.752734 658 2106 2105
52 489.911711 446.120154 657 2147 2157
53 79.487936 453.738835 641 1996 2087
54 492.751761 178.841038 632 2036 2052
55 362.207612 123.338101 667 2180 2043
56 350.687456 4.069329 659 2101 2059
57 170.748702 273.428320 687 2372 2141
58 56.216737 334.703492 648 2094 2116
59 349.048047 450.518496 664 2014 2010
60 7.297935 156.393002 657 2092 2042
61 84.927362 374.172525 618 2016 2065
62 209.320471 49.160364 586 2046 1889
63 439.697377 493.809476 652 2165 2054
64 84.926105 353.045241 630 2012 1957
65 242.154210 385.815083 670 2184 2214
66 85.880952 401.156282 586 1908 1817
67 105.556445 87.175240 623 1973 2142
68 30.700841 489.030800 633 2068 2146
69 192.497921 312.554890 659 2289 2173
70 427.978075 27.499974 624 2059 2014
71 56.034828 277.347994 654 2087 2037
72 134.851124 442.848350 643 2225 2147
73 189.723164 177.224023 612 1986 2004
74 171.753389 159.215228 653 2149 2079
75 334.050275 382.965364 620 1907 2067
76 489.154284 216.057058 624 2014 2000
77 128.789924 72.255107 648 2120 2130
78 248.760613 419.631025 678 2283 2104
79 463.883310 486.792413 635 2133 2041
149
0 35
0 48
0 51
0 55
1 24
1 30
2 3
2 4
2 36
2 55
2 62
3 11
3 12
3 36
3 55
3 73
4 28
4 51
4 56
5 12
5 57
5 69
6 21
6 40
6 59
6 63
7 9
7 19
7 65
7 69
8 10
8 19
8 49
8 65
9 39
9 44
9 61
9 64
10 11
10 12
10 19
10 22
10 49
10 50
11 12
11 22
12 19
12 73
13 24
13 38
13 67
14 18
14 25
14 52
14 76
15 21
15 41
15 78
16 39
16 43
16 65
16 78
17 46
17 58
18 25
18 27
18 50
19 65
19 69
20 23
20 34
20 71
21 41
21 59
22 50
22 55
23 32
23 34
23 44
23 71
24 60
25 35
25 50
25 76
26 33
26 50
26 75
27 47
27 59
27 75
28 62
29 42
29 53
29 72
30 67
30 77
31 53
31 66
31 72
32 44
32 45
32 57
32 73
33 49
34 38
34 60
35 50
35 54
35 55
35 76
36 74
36 77
37 51
37 56
37 70
38 45
38 60
39 43
39 72
40 63
41 59
41 75
42 43
42 72
43 72
44 58
44 64
45 74
46 58
46 71
47 52
47 59
47 63
47 79
48 51
48 54
48 70
52 79
53 68
54 76
57 69
58 64
61 64
61 66
62 77
63 79
67 74
67 77
73 74
5 6 0.050000 0.050000 0.050000
semilla: 1221226892
