80
0 425.502419 419.163479 607 1985 2035
1 314.912112 227.860418 618 2102 2040
2 166.887245 373.934304 658 2104 2019
3 397.330424 432.440116 645 2080 1940
4 112.355388 357.007037 599 2012 2156
5 220.542101 151.088592 626 2005 2030
6 327.367225 60.944695 630 2063 2056
7 389.954303 461.972323 603 1999 2006
8 220.205233 489.348281 675 2322 2250
9 141.153219 362.159372 638 2054 2133
10 161.962748 107.907568 673 2224 2211
11 471.317091 426.340813 661 2149 2104
12 24.169012 208.576590 628 2185 2238
13 383.388849 116.383815 613 2026 2114
14 348.939931 133.415560 659 2064 2212
15 275.997090 183.096368 633 2079 1988
16 204.354777 90.742566 637 2054 2113
17 80.259670 424.278866 606 2056 2041
18 318.486981 310.693737 638 1919 2048
19 356.836557 352.011078 622 2074 2087
20 469.005884 81.894448 683 2155 2257
21 492.271645 109.529538 631 2014 1991
22 77.985680 205.323759 629 2143 1889
23 188.099643 390.704996 632 1993 2086
24 242.740570 240.759689 628 2037 2030
25 143.511283 494.134144 640 2025 1996
26 406.147616 122.981110 645 2119 2008
27 179.705820 315.722839 694 2099 2008
28 299.680148 224.254006 631 2040 2101
29 83.483797 112.177377 629 2078 2204
30 153.930285 106.297525 630 2171 2088
31 439.102183 490.390820 618 2028 2030
32 7.368078 335.290743 638 2241 2116
33 165.218390 325.479097 645 2077 1981
34 51.431422 407.915917 632 1997 2135
35 431.778725 405.022779 646 2116 2261
36 249.008637 88.154865 655 2069 1977
37 219.755645 433.125723 655 2081 1979
38 480.599319 432.759819 689 2110 2072
39 127.347891 336.004801 622 2021 1991
40 28.547321 294.831770 605 1997 1956
41 486.859356 145.200996 661 2143 2138
42 38.847263 405.956886 651 1989 2250
43 20.179620 158.877624 608 2046 1974
44 307.864674 281.572756 684 2278 2141
45 426.654089 275.265580 636 2087 2096
46 282.945776 469.649815 632 1988 2041
47 36.451147 134.434697 622 2010 1986
48 160.205671 76.707573 612 1895 1926
49 354.637052 384.926779 615 1992 2112
50 150.465037 365.869794 644 2106 2033
51 186.651949 59.305605 610 2043 2019
52 434.990324 382.376304 663 2022 2177
53 369.729353 41.236784 564 1810 1849
54 441.060977 411.844843 622 2184 2108
55 394.450044 21.889129 651 2176 2094
56 15.039432 267.735344 622 2050 2080
57 213.267555 387.798465 616 2079 2010
58 363.302848 30.962513 651 2073 2033
59 67.765013 426.571486 618 2056 1928
60 301.541058 0.558252 640 2037 2003
61 88.701443 305.150092 623 2097 2030
62 212.172344 480.581024 643 2015 2102
63 118.891722 213.169630 582 1920 1994
64 452.720199 368.380530 604 1984 1955
65 180.744272 268.980217 621 1901 2104
66 77.445963 134.307430 660 2160 2091
67 63.233750 269.643580 651 2012 2055
68 1.912235 138.934492 617 1890 2010
69 66.657213 307.772066 652 2101 2103
70 214.012410 406.580896 643 1946 2110
71 367.034837 254.502823 641 2006 2061
72 404.797367 429.351230 634 2153 2117
73 175.223082 474.341742 620 2026 1952
74 12.359824 231.562596 604 1972 1889
75 303.585650 364.012985 667 2215 2038
76 445.605677 294.614373 620 2017 2046
77 38.369378 374.137607 607 2031 2015
78 164.800207 297.070794 619 2074 2037
79 378.604143 199.833131 632 2097 2078
139
0 31
0 35
0 54
0 72
1 14
1 28
1 44
1 71
1 79
2 23
2 50
3 7
3 49
3 72
4 9
4 17
4 34
4 39
4 77
5 10
5 15
5 16
5 36
5 63
6 13
6 14
6 36
6 53
6 58
6 60
7 31
7 46
8 46
8 62
9 33
9 39
9 50
10 16
10 30
10 48
11 31
11 38
11 54
12 22
12 43
12 74
13 14
13 26
13 53
14 15
14 36
14 79
15 24
15 28
16 36
16 48
16 51
17 25
17 59
18 19
18 44
18 75
19 45
19 49
19 52
19 75
19 76
20 21
20 26
20 55
21 41
22 63
22 66
22 67
23 57
23 70
24 28
24 44
24 65
25 73
26 41
26 79
27 33
27 78
29 30
29 66
30 48
30 63
31 38
32 40
32 77
33 39
33 50
33 78
34 42
34 59
35 52
35 54
36 60
37 46
37 62
37 70
37 73
39 61
40 56
40 67
40 69
41 45
42 77
43 47
43 68
44 71
45 71
45 76
46 49
46 75
47 66
47 68
48 51
49 52
49 75
52 64
53 55
53 58
55 58
56 67
56 74
57 70
57 75
58 60
61 67
61 69
62 73
63 65
64 76
65 78
67 69
69 77
71 79
5 6 0.050000 0.050000 0.050000
semilla: 1227881114
