80
0 386.318819 360.392257 629 1952 2001
1 106.260904 427.008398 640 2118 2019
2 335.263924 280.768954 664 2049 2066
3 98.718237 157.408334 647 2087 1950
4 199.958574 203.759147 676 2132 2196
5 435.196161 341.881960 638 2140 2040
6 54.338855 273.132000 633 2098 2067
7 374.607986 36.428758 639 2202 1998
8 156.199765 249.442507 598 2074 2065
9 464.901961 107.256917 645 2014 2063
10 166.510084 34.978261 693 2216 2140
11 289.037404 351.653244 625 2021 2095
12 419.235824 96.487890 604 2145 2029
13 58.279908 10.410792 634 2013 2025
14 254.503956 447.991569 657 2107 2111
15 67.171150 445.520592 579 1997 1980
16 382.871676 424.265502 622 2048 1974
17 321.902136 209.191970 675 2136 2074
18 373.348584 369.653083 644 2066 2156
19 464.471945 379.980572 682 2149 2118
20 285.752226 137.666852 649 2241 2106
21 246.136597 317.789804 637 2176 2206
22 17.864695 251.925960 652 1954 2139
23 236.527784 322.464114 630 2030 1988
24 192.231325 331.876312 631 2113 2112
25 393.361754 230.991102 632 1968 2046
26 128.989823 431.951076 656 2025 2151
27 470.242395 363.933637 616 1875 2044
28 396.031367 99.182574 621 2081 2060
29 215.002061 39.638689 647 2077 2076
30 44.082640 396.930350 681 2082 2227
31 83.725562 175.514814 645 2104 1986
32 151.141860 241.235329 593 2111 2037
33 148.068042 79.575333 658 2133 2016
34 479.550221 300.572074 646 2119 2116
35 185.889967 252.681052 622 2042 2047
36 271.882870 35.394334 674 2082 2208
37 442.077265 492.598349 667 2052 2060
38 393.897882 241.701342 628 2092 2141
39 44.918204 440.246468 676 2172 2135
40 447.637758 447.801956 629 1929 2129
41 227.132042 408.234553 593 1920 1924
42 419.404022 423.399859 593 1975 1939
43 304.402679 95.820040 633 2048 2049
44 21.211462 1.039690 678 2147 2153
45 199.383973 46.434278 631 1972 1954
46 459.855442 290.420120 653 1956 1962
47 388.806302 167.510705 647 1983 2021
48 468.029027 163.862238 623 1931 2081
49 490.709470 354.056396 674 2256 2199
50 442.113081 94.551801 638 1999 2130
51 191.692731 279.733272 601 1975 1922
52 301.373762 188.809874 665 2050 2115
53 229.833927 318.805154 603 2104 1987
54 285.827174 397.317071 648 2068 2048
55 381.508254 9.219809 637 2074 2017
56 73.448858 454.956830 677 2071 2073
57 459.592619 373.142959 595 2058 1967
58 199.283357 355.375020 636 2118 1976
59 236.867247 27.812953 647 2072 2108
60 460.527455 84.931434 672 2148 2167
61 467.174027 293.869554 652 2129 2045
62 374.658327 382.498407 631 2071 2041
63 7.941866 478.942945 649 2018 2098
64 480.176330 323.583386 638 2134 2112
65 51.736365 33.080351 593 1912 1940
66 425.470339 379.985334 655 2043 2159
67 336.555564 489.364173 610 1960 1993
68 267.106152 253.089361 693 2185 2222
69 95.727739 396.104937 621 2182 1943
70 203.632339 448.721551 656 2029 2020
71 430.816284 229.283221 608 1944 2016
72 148.692800 79.894087 687 2110 2224
73 223.903081 139.078764 661 2073 2169
74 160.399984 342.537983 644 2056 2120
75 330.465903 140.431067 646 2151 2155
76 387.234113 243.739319 650 1962 2029
77 267.256138 273.904202 632 2104 2083
78 427.981997 93.425395 656 2093 2072
79 277.902545 208.071098 632 2044 2130
138
0 2
0 5
0 18
0 66
1 15
1 26
1 56
1 69
2 11
2 17
2 76
2 77
3 4
3 31
3 33
3 65
3 73
4 32
4 35
4 68
4 73
4 79
5 27
5 46
5 57
5 64
5 66
6 22
6 30
6 31
6 32
6 69
6 74
7 28
7 36
7 43
7 55
8 32
8 35
9 48
9 50
9 60
10 13
10 33
10 45
11 18
11 21
11 54
12 28
12 78
13 44
13 65
14 41
14 54
14 67
14 70
15 39
15 56
16 42
16 62
16 67
17 25
17 47
17 52
17 76
18 62
19 40
19 57
20 43
20 52
20 73
20 75
21 23
21 77
22 31
23 53
24 51
24 53
24 58
24 74
25 38
25 47
25 71
26 70
26 74
27 49
27 57
28 43
28 47
28 75
29 45
29 59
30 39
30 69
31 32
33 65
33 72
34 61
34 64
35 51
35 68
36 43
36 59
36 73
37 40
37 67
38 71
38 76
39 63
40 42
41 54
41 58
41 70
42 66
43 75
44 65
45 73
46 61
46 71
47 48
47 75
48 71
49 64
50 60
50 78
51 53
51 77
52 75
52 79
54 62
54 67
57 66
58 74
68 77
68 79
69 74
72 73
73 79
5 6 0.050000 0.050000 0.050000
semilla: 1221226896
