80
0 424.935008 382.673838 613 2164 2093
1 189.565978 35.393948 622 2052 2035
2 313.476114 93.055510 635 1975 2037
3 425.385151 448.225429 646 2052 2079
4 352.888755 1.300803 616 2033 2001
5 134.899818 261.240044 656 2120 2087
6 155.284350 364.072328 662 2090 2013
7 94.708956 273.425570 619 2099 2097
8 29.668944 145.949135 635 2067 2137
9 385.952304 200.374408 635 2158 2123
10 226.988970 3.621730 638 2103 2144
11 46.467412 477.798271 634 1991 2056
12 201.823898 54.245634 606 1930 2078
13 186.823554 443.471378 648 2124 2013
14 472.935211 122.097436 649 2067 2148
15 283.269955 418.133302 619 2066 2125
16 105.589814 147.997208 686 2066 2202
17 94.794223 206.508132 627 1965 1918
18 16.212091 476.614954 640 2115 2270
19 334.669049 282.707447 596 2096 1911
20 486.339414 406.527525 622 2030 1990
21 343.478299 339.777539 601 1883 1970
22 277.570455 126.629336 660 2005 1979
23 247.848328 86.846221 641 2153 2118
24 106.937503 298.609450 646 2085 2096
25 438.875248 176.291938 584 1946 1972
26 133.102187 48.461116 623 2099 2003
27 465.279368 450.345282 623 1912 1850
28 488.957083 401.691419 644 2112 2080
29 429.924271 237.215490 671 2097 2245
30 185.224884 74.630025 653 2073 2075
31 137.933080 241.278062 654 2180 2095
32 434.338188 421.917908 654 2082 2059
33 470.966413 32.509523 652 2094 2088
34 150.965289 273.616980 648 2088 2014
35 143.536849 423.817469 629 2111 2152
36 199.013993 328.184329 639 2045 1945
37 382.727868 7.283102 621 2088 2050
38 155.906338 317.828098 664 2192 2138
39 272.184093 98.045643 650 2124 2017
40 368.553359 276.308631 655 2204 2131
41 447.085602 167.711999 674 2076 2181
42 435.354498 3.043168 639 2039 1975
43 485.305017 21.422170 633 2052 2118
44 340.138401 206.106670 633 2131 2214
45 37.384546 322.063170 663 2127 2220
46 480.592194 313.000716 668 2019 2013
47 326.465881 412.056090 627 1981 2029
48 497.837578 156.172530 628 2096 1963
49 139.670911 449.002475 603 1958 2000
50 72.417540 121.591603 663 2159 2167
51 171.711110 448.627858 619 2148 2041
52 132.978715 473.256262 662 2068 2169
53 472.404079 195.348485 619 2061 2153
54 147.706393 1.354783 639 2053 2128
55 163.124750 137.665064 640 2028 2028
56 248.847969 387.810939 621 2016 2090
57 283.273877 484.058724 634 1960 2064
58 337.766445 340.639997 669 2070 2179
59 470.517685 490.730529 601 1891 2047
60 86.776996 460.976892 653 2152 2143
61 456.599416 66.380096 674 2019 2269
62 101.899884 131.342396 651 1996 2003
63 434.134961 6.290791 657 2047 2032
64 255.208170 283.719797 636 1995 2040
65 313.024942 10.207644 630 2050 2179
66 471.150157 120.685263 658 2167 2164
67 5.700920 315.354826 625 2067 2013
68 24.643234 178.837562 615 2053 2139
69 286.160194 494.376353 650 2018 2072
70 190.562670 286.790357 622 2012 2132
71 117.956927 2.065962 609 1995 1826
72 115.741293 263.911450 660 2101 2165
73 61.355009 193.636349 634 2095 1911
74 107.871350 493.782543 643 2046 2108
75 91.130624 132.399283 663 2167 2165
76 183.539783 253.132361 616 2100 2153
77 301.079503 243.209743 598 2036 2131
78 464.262785 364.625944 615 1965 2026
79 86.315934 211.908682 614 1941 1967
130
0 21
0 32
0 47
0 78
1 10
1 12
1 26
1 54
2 22
2 39
2 65
3 27
3 32
3 47
4 37
4 65
5 31
5 34
5 72
6 35
6 36
6 38
7 24
7 45
7 72
7 79
8 50
8 68
9 25
9 29
9 40
9 44
10 65
11 18
11 60
12 23
12 30
13 51
13 56
13 57
14 41
14 48
14 66
15 47
15 56
15 57
16 17
16 55
16 62
16 73
17 31
17 79
18 45
19 21
19 40
19 58
19 64
19 77
20 27
20 28
20 32
21 58
22 39
22 44
22 76
23 39
24 34
24 38
24 45
24 72
25 29
25 41
25 53
26 30
26 54
26 62
26 71
27 32
27 59
28 78
29 40
29 46
29 53
30 55
31 55
31 76
32 47
33 43
33 61
33 63
34 38
34 70
34 76
35 49
35 51
36 38
36 56
36 64
36 70
37 63
38 70
40 44
41 48
41 53
42 63
44 77
45 60
45 67
46 78
47 58
48 53
49 51
49 52
50 75
52 60
52 74
54 71
56 58
56 64
57 69
60 74
61 66
62 75
64 70
64 77
67 68
68 73
70 76
72 79
73 79
5 6 0.050000 0.050000 0.050000
semilla: 1227880969
