80
0 449.415891 332.875150 660 2212 2260
1 401.946333 12.018034 624 2121 2076
2 125.592605 334.916762 654 2055 2167
3 205.026665 383.156413 653 2051 2134
4 223.173815 382.307522 645 2028 2111
5 213.057882 363.815265 615 2175 2028
6 380.495011 479.654670 596 2039 2007
7 106.665586 228.502864 675 2193 2191
8 329.009877 168.998364 648 2068 2029
9 399.401571 242.201382 653 2019 2038
10 359.297116 206.624509 617 2083 2060
11 246.223325 275.427599 653 2081 2133
12 28.407327 441.951248 622 2051 2082
13 496.137840 88.672514 644 2055 2123
14 267.142258 359.922555 631 2122 2067
15 479.082149 433.670048 626 1978 2066
16 49.108422 365.255011 621 2066 1967
17 134.803624 144.503901 639 2044 1986
18 157.692471 337.362230 658 2064 2154
19 456.157156 133.317198 635 2063 2099
20 132.681504 478.033037 637 2099 2106
21 84.860889 256.962226 613 2158 2082
22 221.159542 28.427692 638 2129 2093
23 242.962914 477.702309 645 1990 1941
24 332.622947 393.875712 633 2111 2023
25 88.409110 391.904172 646 2103 2111
26 244.017626 204.244762 615 2032 2169
27 316.741488 474.190331 650 1995 2016
28 20.523130 432.245438 658 2122 1975
29 280.260487 337.999274 629 2026 2116
30 41.138170 409.220509 625 2139 2042
31 331.797479 20.227453 622 2032 1987
32 250.481348 340.010291 639 2071 2014
33 126.868804 283.981749 646 2127 2117
34 366.616784 228.293730 599 1939 1862
35 423.153511 441.055126 628 1882 2129
36 132.808785 117.249765 651 2090 2126
37 118.612969 28.175856 648 2017 2113
38 149.042352 454.809043 658 2127 2072
39 351.946190 159.618077 654 2253 2027
40 449.510834 428.581839 664 2122 2198
41 480.162401 89.473202 633 2272 2097
42 72.392633 202.982590 656 2110 2131
43 160.948156 55.665524 623 2064 2020
44 364.028733 230.918226 589 1943 1981
45 403.764457 69.223733 638 2033 2108
46 134.075052 399.401776 646 2151 2217
47 313.797754 498.846153 666 2211 2122
48 388.409537 499.095823 625 2146 2077
49 31.038839 169.765708 649 2304 2154
50 360.216663 161.449802 641 1979 2040
51 492.688935 122.938603 643 2113 2108
52 390.100508 419.233132 609 2034 1987
53 184.795876 364.289943 679 2238 2239
54 445.483939 248.554918 637 2303 2204
55 212.872076 240.984361 618 2035 2074
56 260.957365 410.426498 639 2146 1992
57 31.065135 111.720780 655 2072 2101
58 126.571672 290.085094 615 1909 1975
59 462.595442 341.594698 661 2262 2262
60 29.740165 342.945355 647 2038 2077
61 448.538023 78.549037 652 2023 2052
62 61.702075 26.781972 622 2123 2183
63 434.170728 107.422474 596 2039 1961
64 8.928115 54.829110 612 2013 2071
65 141.873526 468.347356 632 2000 2077
66 366.332071 443.118517 629 2022 2178
67 174.177203 396.249861 610 2078 2040
68 445.952185 118.368353 654 2066 2111
69 455.280557 400.317942 666 2217 2020
70 91.349887 317.558731 660 2139 2047
71 371.600982 497.704050 647 2142 2107
72 101.685442 27.217175 667 2221 2154
73 272.742761 487.587374 682 2225 2144
74 21.117223 417.162558 605 2098 2052
75 41.982679 102.885094 690 2163 2104
76 448.858609 466.636433 616 2022 2045
77 200.125187 4.018415 610 2040 1958
78 65.116044 405.358181 656 2110 2030
79 15.756271 315.652096 613 1962 2003
146
0 54
0 59
1 31
1 45
2 18
2 25
2 46
2 58
2 70
3 4
3 5
3 53
3 67
4 5
4 14
4 56
5 32
5 53
6 35
6 48
6 66
6 71
7 17
7 21
7 33
7 42
7 55
8 10
8 22
8 26
8 39
9 19
9 24
9 34
9 54
10 34
10 50
11 18
11 29
11 32
11 44
11 55
12 20
12 28
13 41
13 51
14 24
14 29
14 32
14 56
15 40
15 69
15 76
16 25
16 30
16 60
16 70
16 78
17 26
17 36
17 42
17 55
18 46
18 53
18 55
19 51
19 54
19 68
20 65
20 78
21 33
21 42
21 70
21 79
22 26
22 31
22 43
22 77
23 38
23 56
23 67
23 73
24 27
24 29
24 52
24 56
24 66
25 46
25 70
25 78
26 55
27 47
27 56
27 66
27 71
27 73
28 74
29 32
29 44
30 74
30 78
31 45
33 55
33 58
34 44
35 40
35 52
35 76
36 43
36 75
37 43
37 72
38 46
38 65
38 67
39 50
40 69
40 76
41 51
41 61
41 68
42 49
43 77
45 50
45 61
45 63
46 67
47 71
47 73
48 71
48 76
49 57
50 63
52 66
53 67
57 75
58 70
59 69
60 70
60 79
61 63
62 64
62 72
62 75
63 68
64 75
5 6 0.050000 0.050000 0.050000
semilla: 1227887225
