80
0 386.326645 491.930045 655 2096 2141
1 270.980602 370.974298 642 2069 2092
2 422.728196 292.793805 676 2171 2169
3 87.239113 227.767916 643 2039 2203
4 437.006399 266.548096 621 1995 1928
5 256.666957 301.547217 650 1996 2010
6 35.244537 354.938418 660 2253 2129
7 368.979988 446.659879 630 2002 2145
8 25.864424 203.369636 620 1982 2015
9 205.807437 5.598445 612 2017 2045
10 302.825500 88.181282 599 1873 1917
11 30.924107 241.461805 643 2057 2089
12 201.274654 323.109617 699 2191 2165
13 159.225948 110.511886 596 2004 1966
14 320.871343 384.658800 646 2069 1965
15 131.598512 276.195179 625 2015 1970
16 414.010601 276.172321 622 2037 2092
17 366.652643 330.975035 652 2145 2089
18 481.721199 288.189513 643 2090 2055
19 243.908632 372.373468 638 2097 2060
20 11.521629 144.011839 653 2082 2071
21 475.221359 45.387306 621 2075 1991
22 491.158919 407.950610 628 2012 2032
23 347.377832 379.214204 626 2145 2134
24 92.550984 4.382971 623 1948 2068
25 93.972600 397.490031 615 2052 1973
26 375.738761 41.357758 651 2072 2060
27 303.161081 228.285594 648 2121 2136
28 149.079635 81.419472 636 2080 1987
29 375.896454 191.706837 611 1879 2022
30 107.220730 58.810719 675 2214 2142
31 131.381072 121.675967 630 2029 1976
32 193.595368 257.342815 660 2070 2169
33 53.820185 55.855822 615 1935 1974
34 245.219055 396.653117 612 2080 1981
35 477.387206 446.777722 653 2032 2109
36 127.006281 94.564659 599 2016 1968
37 166.846524 189.533965 638 1959 2140
38 384.070847 78.719879 658 2025 2030
39 304.832711 323.366395 625 2026 2017
40 32.940309 127.774109 615 2060 1911
41 127.931190 139.514507 621 2120 2025
42 53.333723 379.882648 631 2111 2154
43 163.481341 130.891244 644 2091 2112
44 296.628860 441.253321 650 2177 2105
45 476.034642 214.231221 640 2055 2022
46 6.882804 179.278724 657 2160 2152
47 468.662744 314.736857 625 2041 2010
48 432.197315 440.275241 644 2110 1957
49 401.037158 231.517289 622 1909 2037
50 1.415124 283.983993 642 2053 1988
51 198.702120 86.528302 636 2016 2044
52 266.292257 73.961597 631 1993 2055
53 481.438415 35.435034 669 2282 2085
54 232.610269 480.796548 618 2096 2006
55 499.615907 44.552365 644 2165 2062
56 72.411361 17.747422 609 2018 2079
57 441.375833 203.628765 620 2027 2076
58 259.915993 408.097785 616 2038 2027
59 314.934650 106.660604 684 2071 2007
60 162.718608 311.646670 617 1978 1913
61 467.923615 392.199202 609 1987 1962
62 425.480950 58.324811 640 2107 2068
63 228.276921 150.208625 648 2026 2015
64 93.124869 149.666971 660 2061 2065
65 113.702108 491.320865 634 2085 2143
66 292.459577 368.106600 706 2113 2289
67 195.170529 231.085569 672 2143 2157
68 115.151923 358.373280 651 2031 2106
69 202.238348 19.909934 612 2117 2195
70 132.781470 158.174511 634 2046 2115
71 420.637615 156.402931 634 2062 2143
72 290.214431 133.948110 651 2110 2066
73 13.611596 270.091471 600 1977 1907
74 129.110162 454.488378 601 2044 2072
75 125.064510 459.211391 647 2096 2056
76 424.312550 421.021261 628 2133 2051
77 495.311545 201.128536 650 2153 2039
78 186.439557 489.632062 629 2136 2048
79 186.457903 297.983184 659 2048 1996
145
0 7
0 48
1 5
1 19
1 34
1 58
1 66
2 4
2 16
2 17
2 47
3 8
3 11
3 15
3 37
3 64
3 70
4 16
4 18
4 45
4 47
4 49
4 57
5 12
5 19
5 27
5 32
5 39
6 42
6 50
7 23
7 44
7 48
7 76
8 11
8 46
8 64
9 69
10 26
10 52
10 59
11 73
12 19
12 79
13 28
13 31
13 36
13 43
13 51
14 23
14 44
14 66
15 32
15 60
16 49
17 23
17 39
17 61
18 45
18 47
19 34
20 40
20 46
21 53
21 62
22 35
22 61
23 76
24 30
24 56
24 69
25 42
25 68
25 74
26 38
26 62
27 29
27 39
27 63
27 67
27 72
28 30
28 36
28 51
28 69
29 49
29 57
29 59
29 71
29 72
30 33
30 36
30 56
31 36
31 41
31 43
32 67
32 79
33 40
33 56
34 58
35 48
37 43
37 63
37 67
37 70
38 59
38 62
38 71
39 66
40 64
41 43
41 64
41 70
43 63
43 70
44 54
44 58
45 57
45 77
47 61
48 76
49 57
50 73
51 52
51 63
51 69
52 63
52 69
53 55
54 58
54 78
55 77
57 71
59 72
60 68
60 79
61 76
63 67
63 72
64 70
65 75
65 78
74 75
74 78
5 6 0.050000 0.050000 0.050000
semilla: 1221226898
