150
0 242.657158 338.849556 334 1167 1137
1 162.514280 377.506277 354 1133 1176
2 205.458293 137.531562 348 1075 1045
3 358.050495 254.674844 358 1174 1017
4 79.268898 272.363437 321 1055 1130
5 456.429844 216.392078 328 1070 997
6 396.976768 488.539628 346 958 1120
7 222.731201 443.292670 365 1198 1188
8 362.959634 262.560529 340 1226 1141
9 314.536067 407.683749 328 1022 1006
10 269.326070 63.258210 343 1096 1117
11 8.217132 105.344605 350 1158 1165
12 41.152605 151.826217 328 985 935
13 77.344112 422.484814 336 1262 1137
14 392.850793 143.276554 364 1044 1171
15 184.822989 319.972467 367 1209 1226
16 31.235598 476.692383 351 1048 1095
17 262.991529 98.621430 322 1097 1096
18 427.314866 380.953997 305 972 970
19 23.927586 150.940663 319 1073 1122
20 479.894458 86.156851 363 1245 1115
21 93.932539 224.179657 355 1308 1246
22 200.283173 159.286367 341 1144 1110
23 223.973960 330.342168 369 1035 1147
24 339.580516 329.724978 348 1161 1100
25 430.687841 70.551441 333 1058 1036
26 404.206606 0.420042 328 1129 1201
27 168.291193 470.073695 329 1152 1025
28 372.297594 205.655060 363 1155 1096
29 366.413235 307.242939 325 1083 1132
30 414.918009 26.979820 359 1093 1140
31 307.978068 187.395414 315 1041 1043
32 262.418264 463.766068 346 982 1178
33 313.150755 124.732177 331 1211 1166
34 297.151880 231.647353 316 1040 1089
35 106.885199 419.547741 325 1079 1068
36 478.561250 178.921214 328 1057 1117
37 97.671356 62.485846 334 985 1054
38 134.016387 413.416211 342 1075 1108
39 307.723043 401.190372 332 1094 1068
40 214.471353 120.031300 336 1046 1082
41 336.111190 20.765644 332 1110 1122
42 108.488728 370.053344 342 1088 1120
43 16.690401 15.571882 369 1114 1041
44 308.174358 486.429195 302 1035 1058
45 404.203622 450.272581 367 1141 1201
46 249.527074 301.533510 325 1099 1004
47 381.426862 141.276118 349 1093 1069
48 12.443468 137.358521 340 1111 1123
49 485.987367 489.671056 340 1090 1141
50 101.820079 290.070972 350 1152 1114
51 214.326588 186.957885 351 1131 1168
52 435.715098 63.658300 360 1082 1132
53 286.415317 282.224931 343 972 973
54 168.753282 236.406875 324 1010 1129
55 89.168918 161.999147 361 1139 1186
56 173.798476 30.993305 320 1190 1090
57 484.145039 25.670249 350 1037 1122
58 292.826987 43.162817 353 1092 1064
59 95.807238 232.246176 345 1109 1130
60 106.902135 204.181052 329 1055 1049
61 429.134402 461.900987 336 1243 1178
62 360.907331 269.505035 342 1084 1056
63 137.457549 249.028906 348 1109 1140
64 159.871152 454.443469 329 1122 1124
65 328.039727 363.693263 327 1069 1086
66 491.229342 91.555912 318 1087 1092
67 386.541886 109.477489 332 1084 1043
68 193.910129 47.545811 366 1132 1195
69 257.674174 229.843050 334 1054 1051
70 483.928713 389.875625 369 1130 1186
71 344.064717 195.692615 303 1033 984
72 140.059602 481.727681 358 1107 1152
73 382.920904 251.641867 340 1171 1161
74 429.016851 486.220158 348 1155 1140
75 53.201202 152.603613 372 1121 1109
76 237.310070 470.345759 333 1014 1084
77 24.438852 243.789309 350 1053 1124
78 224.968125 39.268784 335 1080 1095
79 350.493062 236.884958 343 1088 1208
80 446.187289 69.773057 344 1161 1136
81 447.566764 254.609351 317 1020 1113
82 444.173112 217.493720 336 1140 1073
83 128.020905 147.350635 317 1122 1024
84 208.626933 392.871217 312 1081 1117
85 367.832112 154.311381 326 1056 1113
86 206.344931 39.255600 362 1135 1143
87 259.108117 330.129757 345 1184 1051
88 394.175909 414.497720 336 1103 1082
89 6.388277 367.764573 336 1139 1115
90 321.978767 497.142340 351 1126 1134
91 422.023875 455.265512 337 1112 1049
92 152.371026 399.829195 315 1059 1021
93 491.878376 499.863296 342 1128 1130
94 261.178450 126.214442 337 1092 1102
95 256.041105 282.844321 327 1027 1055
96 205.768403 349.549129 352 1097 1035
97 205.103666 177.309181 361 1096 1180
98 223.697085 176.912142 360 1215 1146
99 268.645341 122.252916 331 999 1072
100 451.535365 454.880497 342 1143 1116
101 313.229625 450.299991 344 1083 1135
102 487.847887 259.436371 346 1116 993
103 265.257415 181.378147 348 1196 1149
104 137.717782 122.756235 339 1105 1127
105 490.454066 61.484604 332 1123 1192
106 231.731949 218.871031 342 1116 1122
107 207.104539 305.985236 361 1148 1165
108 257.968484 176.307994 327 1180 1037
109 166.649268 374.252641 338 1072 1144
110 370.230773 468.604678 331 1071 1079
111 406.401227 385.429207 368 1115 1158
112 136.211616 308.630962 329 1125 1087
113 250.885414 131.146557 340 1093 1119
114 296.608165 93.422079 328 1060 1119
115 114.990938 152.695685 327 1076 1137
116 196.655566 190.093250 342 1123 1137
117 47.258241 269.258573 350 1089 1198
118 208.172208 250.308153 322 1083 1124
119 240.616537 42.138100 339 1061 1159
120 56.249099 378.600937 340 1076 987
121 465.353997 204.634438 320 1046 1076
122 31.882131 342.979990 338 1116 1161
123 136.174298 181.425729 313 1000 944
124 403.569969 300.462348 322 1002 1041
125 38.160824 368.961173 320 959 1041
126 150.489152 271.181805 357 1203 1192
127 190.628946 400.694014 348 1218 1159
128 216.262600 225.526357 352 1050 1142
129 396.625123 78.445142 328 1077 1101
130 137.752936 213.600156 364 1248 1224
131 474.057292 480.912036 334 1058 1136
132 3.209425 440.808293 327 1146 1147
133 442.792482 13.251943 366 1182 1133
134 244.548561 127.671419 322 1136 1036
135 279.613021 456.047189 371 1142 1139
136 63.552522 127.239441 320 1100 1092
137 461.845053 229.807607 360 1146 1086
138 122.596825 484.834945 326 1029 1061
139 123.830304 215.912730 328 1122 1094
140 325.813240 443.121737 331 1008 1004
141 255.763156 111.362774 324 1065 960
142 351.474984 240.060239 321 1092 1056
143 129.257897 437.474463 343 1136 1156
144 214.300115 242.028792 331 1035 1189
145 86.573115 34.345900 349 1114 1109
146 64.311590 384.898314 350 1129 1048
147 25.893327 189.148463 326 950 1011
148 202.481820 111.954494 332 1036 1029
149 432.856893 25.795104 358 1135 1246
278
0 23
0 87
1 42
1 92
1 109
2 22
2 40
2 104
3 8
3 53
3 142
4 50
4 59
4 117
5 82
5 121
5 137
6 45
6 74
6 91
6 110
7 27
7 76
7 84
7 127
8 62
8 73
9 39
9 88
9 140
10 17
10 58
10 114
10 119
11 43
11 48
11 136
12 19
12 75
12 147
13 16
13 35
13 132
13 146
14 36
14 47
14 82
15 96
15 107
15 109
15 112
15 126
16 132
16 138
17 114
17 141
18 70
18 100
18 111
18 124
19 48
19 147
20 66
20 80
20 105
21 59
21 60
21 77
21 139
21 147
22 83
22 97
22 104
22 123
23 46
23 96
23 107
24 29
24 53
24 65
24 87
24 111
25 52
25 129
26 30
26 41
26 133
27 64
27 72
28 71
28 73
28 79
28 82
28 85
29 62
29 111
29 124
30 129
30 149
31 33
31 34
31 71
31 103
32 76
32 135
33 67
33 85
33 99
33 114
34 53
34 69
34 79
34 103
35 38
35 42
35 143
36 66
36 121
37 56
37 104
37 136
37 145
38 42
38 92
38 143
39 65
39 84
39 87
40 134
40 148
41 58
41 129
42 92
42 112
42 146
43 145
44 90
44 101
44 135
45 88
45 91
45 110
46 87
46 95
46 107
47 67
47 85
49 93
49 131
50 63
50 112
50 122
50 126
51 97
51 98
51 106
51 116
51 128
52 80
52 149
53 62
53 69
53 95
54 63
54 116
54 118
54 126
54 128
54 130
55 60
55 75
55 115
55 136
56 68
56 145
57 105
57 133
58 114
59 63
60 123
60 139
61 74
61 91
61 100
62 124
63 126
63 130
63 139
64 72
64 127
64 143
65 87
65 88
65 111
67 129
68 86
68 148
69 95
69 103
69 106
70 100
70 102
71 79
71 85
72 138
72 143
73 81
73 82
73 124
74 131
75 136
77 117
77 147
78 86
78 119
79 142
80 105
81 102
81 124
81 137
83 104
83 115
83 123
84 96
84 127
88 111
88 140
89 122
89 125
89 132
90 110
92 127
94 99
94 113
94 141
95 118
95 144
96 109
97 98
97 116
98 108
98 113
98 134
99 114
99 141
100 131
101 135
101 140
102 137
103 106
103 108
104 148
106 108
106 128
107 118
108 113
109 112
109 127
110 140
111 124
112 126
113 134
115 123
116 123
116 128
116 130
117 122
118 144
120 125
120 132
120 146
122 125
123 130
128 144
130 139
133 149
134 141
138 143
8 9 0.050000 0.050000 0.050000
semilla: 1234223047
