150
0 241.807997 66.999542 354 1220 1142
1 246.352144 440.486999 339 1102 1083
2 492.645037 385.135034 322 1081 1091
3 147.169142 471.763427 371 1297 1173
4 462.913498 187.157516 323 1111 1083
5 74.559712 125.073753 336 1061 1139
6 143.379116 272.795323 371 1112 1091
7 287.332677 200.301508 332 1170 1155
8 264.246646 193.378856 317 1039 1064
9 372.343223 472.541418 338 1121 1052
10 367.446646 175.775957 348 1198 1182
11 293.373680 231.441637 345 1059 1124
12 484.194641 359.327276 328 1079 1114
13 458.085238 38.602602 341 1053 1074
14 366.182228 424.702458 333 1136 1139
15 27.190531 491.253142 345 1078 1122
16 353.866695 437.548888 340 1178 1092
17 304.791162 125.054685 345 1068 1153
18 410.335022 0.706643 312 978 1007
19 278.118580 338.982067 349 1133 1078
20 357.443729 56.751345 339 1249 1188
21 466.702777 373.568210 313 1060 1057
22 462.527159 193.967215 329 1093 1105
23 261.646936 0.050631 343 1063 1075
24 289.699100 472.771347 337 1164 1106
25 366.748627 444.177572 343 1151 1098
26 104.448248 461.711667 360 1182 1171
27 282.253499 334.550563 327 1130 1133
28 289.974491 101.262648 359 1213 1103
29 104.152760 495.434268 335 1040 1052
30 477.909319 221.918161 346 1151 1176
31 110.588245 156.640071 343 1059 1094
32 274.789844 392.913182 355 1091 1179
33 472.018318 211.870709 359 1088 1100
34 419.619539 45.600080 333 1077 1160
35 475.103902 71.275663 335 1116 1067
36 14.918733 239.152172 332 1017 1059
37 98.015883 352.950365 333 1077 1181
38 158.640380 268.872108 341 1065 1087
39 329.575404 173.818601 322 1062 1099
40 255.434898 94.335944 332 1072 1073
41 312.590585 209.969971 337 1065 1064
42 87.608024 428.052434 325 1170 1123
43 421.350452 137.044212 337 1097 1027
44 481.209371 185.890526 328 1050 989
45 273.336449 465.699466 335 1118 1059
46 324.021265 325.397977 331 1100 1027
47 79.722090 389.173833 339 1139 1183
48 463.145338 83.703285 319 1046 1125
49 45.097683 456.752232 369 1063 1052
50 473.271452 273.299540 335 1059 1041
51 368.698660 218.374544 337 1063 1010
52 421.768893 169.776584 341 1195 1076
53 304.478014 361.977885 306 981 981
54 450.155431 262.327402 339 1065 1058
55 191.948891 85.015089 345 1003 1135
56 345.664990 91.491896 375 1162 1203
57 387.711644 269.602731 362 1147 1115
58 163.266262 16.067376 350 1188 1179
59 485.537062 421.407628 317 1115 1103
60 397.981862 381.155044 363 1120 1193
61 309.335925 8.896428 359 1190 1173
62 327.956021 456.852518 368 1220 1208
63 116.583367 416.651950 349 1196 1144
64 374.899030 427.999549 343 1129 1134
65 430.418625 45.822144 306 1056 1027
66 361.149192 334.470357 391 1187 1233
67 264.567725 89.750463 344 992 1069
68 241.342422 242.089901 361 1238 1164
69 121.525782 483.809982 346 1146 1149
70 243.769749 38.174489 357 1169 1113
71 172.113085 204.611986 342 1088 1038
72 246.193948 281.689355 348 1168 1083
73 212.777819 156.802001 333 1096 1073
74 46.969050 408.824993 343 1087 1088
75 338.991339 427.438665 345 1135 1196
76 168.791805 383.874578 355 1096 1182
77 427.007894 221.682246 351 1087 1154
78 331.522136 392.546181 315 1072 1119
79 314.885887 287.102781 329 1066 1038
80 95.516902 352.571467 333 1019 1024
81 245.258811 64.829393 350 1042 1060
82 281.226346 71.196122 330 1083 955
83 381.497644 330.903811 341 1098 1060
84 399.378449 353.590843 322 1069 1084
85 159.285407 109.833584 337 1078 1181
86 479.448616 92.897433 354 1160 1138
87 186.701594 393.694398 329 1092 1080
88 371.325813 372.938101 328 1095 991
89 44.245199 129.057161 354 1242 1183
90 322.181624 406.551407 357 1137 1107
91 61.756182 436.159122 340 1122 1126
92 395.979191 222.265291 330 1129 1134
93 300.401608 349.827906 341 1163 1144
94 464.044615 197.846724 346 1126 1071
95 393.423047 261.144782 325 1045 1099
96 204.421643 214.558320 320 1065 1026
97 300.937995 364.889608 363 1126 1113
98 68.278970 64.648720 344 1179 1133
99 474.308945 210.446337 337 1145 1098
100 457.262000 202.434826 315 1055 1058
101 124.706896 448.794591 326 1117 1146
102 101.625362 17.451187 362 1095 1120
103 256.990266 235.395393 352 1110 1130
104 66.103830 7.067452 313 1040 1041
105 408.590026 172.569625 342 1124 1117
106 387.800082 255.975041 336 1146 1077
107 346.377036 58.836176 369 1155 1139
108 283.159908 68.574413 317 930 998
109 284.344394 476.224236 343 1093 1082
110 305.828996 67.930384 320 1038 1092
111 254.622925 447.503693 342 1118 1107
112 124.968769 350.105958 335 984 1013
113 251.663750 212.648851 324 1110 1082
114 430.815475 215.696644 352 1029 1024
115 332.024336 333.019331 322 1016 1061
116 216.396342 473.314393 341 1035 1100
117 217.105750 396.345770 328 1074 1070
118 275.385464 403.496880 352 1108 1179
119 426.197722 105.114565 353 1103 1139
120 492.926211 110.833754 320 1102 1111
121 77.100961 335.848275 333 1107 1045
122 458.288446 453.908838 335 1223 1051
123 495.348875 328.545081 353 1213 1155
124 171.483609 125.019938 335 1046 1110
125 116.731327 403.410345 338 1151 1151
126 304.461850 90.320695 325 985 1033
127 18.623254 1.026699 298 964 999
128 224.706076 135.014702 330 1056 1104
129 409.726374 271.168525 331 1007 1049
130 250.671858 41.922743 331 1227 1159
131 157.707298 86.557740 333 1114 1094
132 22.101186 454.636903 337 1055 1069
133 431.802487 304.390663 373 1223 1159
134 431.841325 457.145078 347 1018 1071
135 259.640488 277.685110 339 1108 1067
136 119.333068 130.873279 327 1090 1133
137 207.392653 148.320337 339 1075 1077
138 475.372925 92.745278 343 1197 1178
139 306.226260 244.750787 378 1106 1109
140 82.904277 372.190396 332 1057 997
141 172.600833 402.193766 330 1088 1153
142 324.894065 494.545799 329 1112 1141
143 497.980015 50.106272 358 1120 1122
144 438.772908 456.263374 350 1024 1052
145 153.610231 227.159583 334 1114 1173
146 79.581959 33.980618 319 1106 1073
147 414.524159 407.538443 340 1093 1143
148 68.173201 286.994598 320 1015 1027
149 353.151294 413.799965 331 1143 1012
272
0 40
0 55
0 81
1 111
1 116
1 117
1 118
2 12
2 21
2 59
3 69
3 101
3 116
3 141
4 22
4 44
4 52
5 31
5 89
5 98
5 136
6 38
6 112
6 148
7 8
7 11
7 41
8 17
8 73
8 113
9 25
9 62
9 134
9 142
10 39
10 51
10 56
10 105
11 41
11 103
11 139
12 21
12 123
13 35
13 65
13 143
14 16
14 25
14 64
14 149
15 29
15 49
15 132
16 25
16 62
16 75
16 149
17 28
17 39
17 56
18 20
18 34
18 61
19 27
20 34
20 107
20 119
21 60
21 84
21 133
21 147
22 94
23 61
23 70
24 62
24 109
24 142
25 64
25 134
26 29
26 42
26 69
26 101
27 79
27 93
27 135
28 67
28 82
28 126
29 69
30 33
30 50
30 54
31 36
31 71
31 136
31 145
32 97
32 117
32 118
33 94
33 99
33 100
34 65
34 119
35 48
35 138
35 143
36 89
36 148
37 80
37 112
38 72
38 145
39 41
40 67
40 128
41 51
42 47
42 63
42 91
42 101
43 52
43 119
44 99
44 120
45 109
45 111
46 79
46 93
46 115
47 74
47 125
47 140
48 65
48 119
48 138
49 91
49 132
50 54
50 123
50 133
51 92
51 106
52 105
52 114
53 78
53 93
53 97
54 77
54 129
54 133
55 58
55 85
55 124
55 128
55 131
56 107
56 110
56 119
56 126
57 79
57 83
57 95
58 70
58 102
58 131
59 122
59 147
60 64
60 84
60 88
60 147
61 107
61 110
62 75
62 142
63 101
63 125
64 134
64 147
65 119
66 83
66 88
66 115
67 81
67 82
68 72
68 96
68 103
68 135
69 101
70 130
71 73
71 96
71 145
72 76
72 135
73 96
73 137
74 91
74 132
75 90
75 149
76 87
76 112
76 125
76 141
77 92
77 114
77 129
78 88
78 90
78 149
79 135
79 139
80 121
80 140
81 82
81 130
82 108
82 126
83 84
83 88
83 133
84 88
84 133
85 124
85 131
85 136
86 120
86 138
87 117
87 141
88 149
90 118
90 149
92 105
92 106
94 99
94 100
95 106
95 129
96 113
98 131
98 146
100 114
102 104
102 131
102 146
103 113
103 135
104 127
104 146
105 114
107 110
108 110
108 130
110 126
112 125
116 141
117 118
121 148
122 144
123 133
124 137
125 141
128 137
129 133
134 144
134 147
135 139
8 9 0.050000 0.050000 0.050000
semilla: 1234222830
