200
0 466.906116 291.093222 269 892 899
1 126.019684 12.832196 237 798 804
2 327.859720 338.308483 248 763 824
3 309.091249 396.620704 266 862 860
4 423.263357 287.244763 240 694 827
5 339.329150 105.031286 249 850 784
6 434.498770 120.825695 268 889 843
7 195.617575 244.587891 282 846 917
8 412.455457 138.865616 252 886 846
9 325.286972 98.142692 248 846 841
10 88.509016 71.039957 258 789 759
11 384.006852 3.161517 243 780 829
12 306.874880 146.108355 247 769 813
13 146.093326 390.537745 277 878 939
14 268.689159 358.698610 258 816 882
15 206.048624 59.219445 239 844 793
16 437.248540 336.213153 268 977 811
17 50.395226 492.565559 266 846 841
18 199.615124 431.385281 251 794 834
19 28.213928 191.487915 245 860 882
20 339.735239 430.169213 268 814 912
21 304.745136 351.504174 252 770 822
22 121.338475 335.750777 287 963 874
23 100.371284 440.177870 252 840 840
24 115.828433 228.475582 239 811 844
25 227.997097 447.210289 261 893 820
26 139.641430 453.511124 249 811 808
27 44.205266 457.902952 287 964 955
28 355.019988 320.937626 259 923 853
29 150.586061 399.935338 278 827 933
30 7.905907 374.578971 255 855 788
31 6.127406 483.319032 272 802 810
32 228.826556 387.926619 262 874 852
33 411.264881 128.850796 266 852 883
34 137.813582 232.871269 278 841 906
35 364.778378 330.194865 252 822 799
36 108.595579 165.892035 258 789 751
37 209.582459 452.393105 259 790 834
38 228.141155 368.383709 241 829 805
39 305.663996 294.777746 249 793 882
40 358.523372 202.317608 263 809 840
41 128.920968 274.708899 269 844 817
42 327.824365 244.099224 246 829 832
43 365.105212 323.292571 235 792 785
44 292.995118 368.943876 243 882 790
45 128.055617 230.751679 251 851 901
46 278.239541 371.959746 241 859 801
47 424.931969 331.610692 252 813 926
48 410.777684 440.535438 265 830 886
49 299.576646 484.690824 226 829 788
50 207.209712 73.633344 237 775 763
51 302.717104 266.370785 258 893 806
52 467.465946 200.161744 252 919 866
53 357.758905 353.911983 249 909 849
54 134.832652 132.388021 234 746 811
55 260.801374 288.690626 248 823 908
56 86.936210 136.879066 245 799 828
57 250.087824 226.051286 259 859 781
58 158.398164 197.939180 252 868 826
59 294.349758 136.384245 277 902 818
60 251.339750 267.186342 275 913 909
61 332.979438 385.419222 250 830 749
62 331.295056 76.013299 271 838 805
63 127.420759 60.690715 266 788 844
64 462.639036 74.283735 264 834 817
65 93.423406 167.187522 224 796 799
66 274.543779 257.291398 277 866 793
67 33.978974 84.619878 257 837 852
68 346.173832 143.596464 269 851 820
69 323.934047 359.530754 258 750 823
70 422.501363 480.408898 256 845 834
71 342.810160 110.362051 237 768 744
72 365.735440 415.535945 256 772 912
73 196.759751 441.133802 285 904 885
74 102.541360 412.643459 269 930 818
75 72.930563 243.976966 248 823 906
76 291.281906 74.995692 272 794 873
77 112.354014 333.915334 250 860 886
78 221.257081 167.754650 236 733 754
79 84.396553 452.858987 230 760 783
80 355.402478 249.450812 239 772 784
81 278.557585 217.330819 249 916 904
82 201.645990 64.149953 270 908 828
83 328.569085 260.604181 287 911 964
84 64.289101 6.915985 262 851 870
85 116.724721 292.385470 255 821 811
86 274.919141 65.994610 248 847 817
87 394.049230 285.412226 252 820 827
88 354.846019 397.033463 225 754 680
89 93.908959 327.871884 260 849 759
90 191.068832 293.865909 270 905 831
91 88.293211 443.999127 269 806 845
92 201.263524 136.051565 257 780 782
93 380.392589 258.236925 255 845 868
94 145.873648 198.405002 251 832 846
95 391.957089 122.787363 254 834 933
96 179.662062 80.275006 258 884 778
97 170.917111 103.885634 284 848 802
98 455.631889 305.164847 270 880 878
99 134.653139 115.314845 263 848 846
100 155.108365 406.283899 239 780 734
101 188.318742 73.101735 255 848 801
102 390.335364 366.454642 245 799 809
103 398.036580 300.796477 264 873 854
104 26.451089 63.448340 249 863 825
105 163.201080 420.559600 227 722 836
106 61.476697 238.850556 253 808 836
107 459.286980 236.270277 239 786 716
108 415.254431 181.214642 249 812 851
109 131.492131 488.245469 244 717 749
110 159.726016 15.152004 223 814 729
111 458.835667 151.051021 273 792 802
112 279.241217 207.137438 268 832 824
113 73.167431 225.020131 233 798 806
114 465.247220 410.028401 257 830 901
115 8.747183 13.912900 232 722 711
116 488.110162 167.497981 244 726 750
117 354.685221 194.505981 268 837 804
118 207.019692 379.969885 262 819 875
119 99.984494 439.384252 254 777 776
120 19.011210 21.405807 267 860 849
121 458.474716 84.554371 245 806 808
122 100.736412 76.880965 237 770 766
123 362.882834 471.784839 257 859 825
124 465.031961 292.167902 250 835 818
125 377.505897 241.611242 262 798 866
126 296.825156 240.396671 234 770 779
127 17.921459 205.964286 241 787 747
128 493.860647 315.895465 275 889 873
129 156.337029 56.440940 241 752 716
130 1.702083 106.905785 270 840 887
131 179.090958 481.733997 263 851 837
132 176.141366 407.945834 276 885 902
133 487.078231 323.821513 251 874 826
134 427.744725 105.592856 255 890 847
135 60.310462 137.935710 231 921 839
136 438.041554 164.390866 276 887 803
137 438.485816 131.114979 270 905 815
138 165.415370 136.131123 276 855 810
139 54.699488 334.302805 259 864 837
140 171.079673 336.063316 259 858 780
141 106.749798 143.862612 240 781 755
142 228.994779 215.245559 243 759 883
143 75.831151 494.153247 267 803 847
144 145.067391 147.637520 286 864 888
145 354.875089 385.621956 243 757 800
146 408.107808 67.922067 256 807 868
147 238.629797 151.004092 264 819 839
148 246.329042 52.205167 283 837 932
149 339.863575 87.112668 272 933 776
150 219.174374 163.695941 264 891 811
151 408.901170 401.961731 264 789 810
152 2.902278 278.586001 238 739 796
153 266.809832 272.845807 274 890 916
154 64.487721 345.132484 259 861 801
155 300.887302 12.879745 271 836 877
156 349.886371 40.237157 252 893 783
157 463.203813 66.480039 253 852 837
158 487.561542 446.829733 275 843 794
159 445.612289 405.744903 273 904 809
160 288.315509 218.753862 226 789 765
161 317.734798 168.747733 267 850 897
162 58.081243 171.458615 271 878 901
163 266.788164 408.669193 262 816 826
164 337.174755 396.106943 267 891 877
165 110.800679 227.010161 256 858 811
166 220.834382 63.454045 269 802 823
167 415.340220 123.074477 239 849 776
168 212.938072 350.168718 267 867 878
169 392.731285 134.701495 242 807 815
170 40.316196 94.309152 259 794 828
171 230.900419 243.346923 252 793 850
172 259.713409 3.271057 251 837 909
173 59.148243 104.519387 270 856 833
174 303.304289 135.191543 255 816 831
175 222.383118 93.058169 223 805 791
176 497.819970 360.230116 266 880 850
177 174.700103 184.624690 250 838 806
178 498.076236 167.300257 245 800 791
179 312.841872 433.344920 241 736 746
180 492.067458 177.764447 273 840 820
181 252.628958 434.888781 251 861 864
182 401.726536 317.897393 243 745 764
183 494.661767 280.326354 251 817 870
184 134.172745 41.331002 250 819 837
185 363.065219 37.138887 271 845 888
186 94.958988 475.716281 260 884 943
187 58.106062 88.584530 243 812 854
188 43.500979 120.953810 253 825 824
189 239.154151 463.816760 249 807 859
190 58.661790 428.706653 263 783 833
191 261.427939 319.375693 239 857 849
192 251.025497 485.521915 253 900 925
193 70.506916 9.732435 242 771 811
194 259.497861 380.550383 250 772 823
195 173.096390 231.031584 227 771 809
196 80.003952 126.420361 253 891 805
197 175.740922 177.683069 265 901 886
198 392.914631 216.197429 256 875 874
199 426.855362 158.072818 252 818 962
375
0 107
0 124
0 128
0 183
1 110
1 184
1 193
2 21
2 28
2 39
2 53
2 69
3 44
3 61
3 163
3 164
3 179
4 47
4 87
4 98
4 103
4 107
5 9
5 71
5 149
6 134
6 137
6 167
7 90
7 142
7 171
7 195
8 33
8 137
8 169
8 199
9 62
9 76
9 149
9 174
10 122
10 187
10 193
11 185
12 68
12 161
12 174
13 22
13 29
13 74
13 140
14 46
14 191
14 194
15 82
15 110
15 166
16 47
16 98
16 133
16 159
17 27
17 31
17 143
18 32
18 73
18 118
18 132
19 113
19 127
19 162
20 72
20 88
20 123
20 164
20 179
21 44
21 69
21 191
22 77
22 140
23 26
23 119
24 45
24 165
25 32
25 37
25 181
25 189
26 105
26 109
26 131
26 186
27 31
27 79
27 190
28 39
28 43
28 80
28 83
29 74
29 100
30 139
30 152
30 190
32 38
32 118
32 194
33 95
33 167
33 169
34 41
34 45
34 94
34 195
35 43
35 53
36 65
36 94
36 141
36 144
36 165
37 73
37 131
38 118
38 168
38 194
39 51
39 55
39 153
39 191
40 42
40 80
40 117
40 125
40 198
41 75
41 85
41 90
42 80
42 83
42 126
43 103
43 182
44 46
46 194
47 102
47 182
48 70
48 72
48 123
48 151
48 159
49 123
49 179
49 181
49 192
50 82
50 101
50 166
50 175
51 66
51 83
51 126
52 107
52 111
52 136
52 180
53 69
53 102
53 145
54 99
54 141
54 144
55 60
55 90
55 153
55 191
56 65
56 141
56 196
57 66
57 81
57 142
57 171
58 94
58 177
58 195
59 76
59 147
59 174
60 90
60 153
60 171
61 69
61 145
61 164
62 76
62 149
62 156
63 99
63 122
63 129
63 184
64 121
64 157
65 113
65 162
65 165
66 81
66 126
66 153
67 104
67 130
67 170
68 71
68 117
68 161
68 169
70 123
70 158
71 95
71 174
72 88
72 151
73 131
74 77
74 119
74 154
74 190
75 85
75 106
75 113
75 139
75 165
76 86
77 85
77 89
78 142
78 150
79 91
79 186
80 83
80 93
80 125
81 112
81 160
82 101
84 120
84 193
85 89
86 148
86 155
87 93
87 103
88 145
88 164
89 154
90 140
90 168
90 191
91 119
91 190
92 97
92 138
92 147
92 150
92 175
92 197
93 125
94 144
95 146
95 169
96 97
96 101
96 129
97 99
97 138
98 124
98 133
99 122
100 105
100 132
102 145
102 151
102 182
103 182
104 120
105 132
106 113
106 127
106 152
107 183
107 198
108 136
108 198
108 199
109 131
109 186
110 129
110 184
111 116
111 136
111 137
112 147
112 161
113 162
113 165
114 158
114 159
114 176
115 120
116 178
116 180
117 160
117 161
118 132
118 168
121 134
121 146
122 196
125 198
126 160
127 152
128 133
128 183
129 184
130 170
130 188
133 176
134 146
134 167
135 162
135 188
135 196
136 199
137 199
138 144
138 197
139 152
139 154
140 168
142 171
142 177
143 186
144 197
145 164
146 149
146 157
146 185
147 150
147 175
148 166
148 172
150 197
151 159
154 190
155 156
155 172
156 185
163 179
163 181
163 194
166 175
168 191
170 173
170 187
170 188
173 187
173 188
173 196
177 197
178 180
181 189
189 192
11 13 0.050000 0.050000 0.050000
semilla: 1234280353
