200
0 464.824302 302.041576 254 886 872
1 395.509632 330.381494 276 824 889
2 440.076133 359.566920 264 859 826
3 233.704029 363.623108 266 942 823
4 311.171300 356.045629 272 905 848
5 180.176142 220.418402 261 880 791
6 272.593507 479.071673 257 848 882
7 361.249949 27.901005 242 831 731
8 17.175886 175.117507 288 900 783
9 235.056936 101.918078 266 850 906
10 74.489263 441.038001 260 834 902
11 195.965286 88.557383 271 957 911
12 342.231171 379.285392 250 795 859
13 146.299661 358.394138 243 829 854
14 496.522119 47.250697 271 917 856
15 125.028944 361.464612 247 814 845
16 159.654954 320.805010 293 872 893
17 169.540627 469.322023 263 823 912
18 158.077562 309.581774 277 902 757
19 355.825536 359.777721 272 886 953
20 449.191965 69.354180 253 841 862
21 70.218540 163.002827 256 872 960
22 283.231367 269.585561 251 805 752
23 244.362469 0.015559 252 848 794
24 284.487157 375.656003 244 838 866
25 367.472213 105.490587 297 904 890
26 6.117154 311.009773 246 820 876
27 127.714612 499.489731 260 843 894
28 154.287622 112.069375 248 789 799
29 122.185219 66.970195 285 937 881
30 42.166068 185.104968 254 846 850
31 370.546229 270.465050 248 808 854
32 231.457385 104.275448 232 798 798
33 409.081153 426.931714 253 755 766
34 410.662600 6.314799 249 805 824
35 116.046353 391.059868 244 839 880
36 297.785641 383.273304 241 761 857
37 18.993212 218.908809 243 841 878
38 23.412982 1.984776 267 808 836
39 273.619499 222.914975 238 824 802
40 338.015709 30.028938 270 911 926
41 248.778476 219.850549 268 855 844
42 457.344616 90.965780 266 846 832
43 493.477112 369.815993 241 788 827
44 477.101150 139.027346 278 841 930
45 291.081420 205.422844 263 901 862
46 421.815230 448.578589 248 810 881
47 132.408075 382.522056 244 797 824
48 45.519570 47.407563 235 768 848
49 319.661981 58.920418 282 896 900
50 1.684976 319.392371 243 797 784
51 463.756220 350.796235 245 785 814
52 346.524632 39.497829 248 777 807
53 405.991479 498.791671 280 948 850
54 54.387332 87.896172 249 813 881
55 493.519793 87.153607 258 873 788
56 185.980170 268.711388 243 760 770
57 47.175786 383.427715 267 883 886
58 46.932712 298.090354 227 767 749
59 83.718850 62.717267 235 784 863
60 254.589634 387.980902 258 946 883
61 428.689957 492.101111 275 772 785
62 357.521634 366.110748 252 792 742
63 387.380926 211.229193 258 878 824
64 421.539904 321.167327 236 836 772
65 49.912503 379.434216 246 864 823
66 311.407274 322.046512 236 821 883
67 440.639189 322.848702 237 745 688
68 320.462469 12.723098 244 790 784
69 285.992301 172.610222 270 964 962
70 486.407057 43.409403 235 695 780
71 108.230060 22.618703 242 756 754
72 116.623587 92.627202 234 855 825
73 350.496321 291.669542 236 734 739
74 492.055514 477.021989 255 784 769
75 361.787821 67.909259 249 775 827
76 195.220478 70.577154 229 786 746
77 91.441440 356.289451 256 811 774
78 152.996639 414.509337 259 742 771
79 286.737523 197.548092 253 857 759
80 397.917055 291.935755 243 808 795
81 364.907459 499.668337 276 892 897
82 4.643730 47.164349 241 741 747
83 94.966611 103.833945 257 801 805
84 67.690786 179.044312 256 808 816
85 487.589316 413.629614 288 946 864
86 104.128860 93.749779 277 857 847
87 384.765617 255.717598 220 732 728
88 267.931296 121.286554 259 797 757
89 426.977558 211.825594 252 832 774
90 135.010412 119.987090 244 802 739
91 70.591604 433.082906 234 800 785
92 447.052868 117.549545 250 871 879
93 456.555929 335.506777 257 869 886
94 352.041994 269.787897 254 837 861
95 415.038121 45.705680 255 831 854
96 51.067281 287.789073 239 870 804
97 177.325243 305.354853 271 835 898
98 216.069759 484.435101 229 732 708
99 257.821889 212.480862 266 892 811
100 334.638384 267.321465 244 771 879
101 324.901290 115.975832 291 828 942
102 352.220059 262.532804 256 751 883
103 44.062648 60.916926 264 751 822
104 231.804432 437.084538 234 741 738
105 362.784020 311.025369 234 758 808
106 495.305120 93.159859 259 894 839
107 142.160453 290.740868 246 787 813
108 34.325336 405.928117 249 823 878
109 463.088445 127.493142 269 927 904
110 372.018170 9.387402 254 837 757
111 412.338380 171.155943 228 765 763
112 321.308471 231.475110 268 782 827
113 301.919861 367.102246 231 717 669
114 464.750794 66.594404 265 929 784
115 417.488532 229.755132 253 837 920
116 318.299594 161.276657 282 897 868
117 275.049167 251.347785 252 853 797
118 154.530748 198.275464 267 891 881
119 284.759052 445.394749 235 768 790
120 307.428158 445.048122 238 847 761
121 72.979362 64.137420 250 797 865
122 275.183896 15.739464 253 787 873
123 65.031232 479.914156 277 924 929
124 487.706623 385.213339 254 827 806
125 414.913074 444.039872 257 866 835
126 430.277208 169.035977 246 784 746
127 407.118279 436.922609 246 822 795
128 25.794457 27.442002 249 866 894
129 167.365765 416.417011 256 869 886
130 322.450911 432.458573 255 836 805
131 466.428139 257.732148 252 875 791
132 69.734006 19.434735 223 795 715
133 370.585680 433.526794 263 876 870
134 330.464759 121.205591 250 882 770
135 39.211801 32.732231 255 850 875
136 281.784241 447.746080 256 837 812
137 324.209048 481.463558 255 823 851
138 353.704785 216.320296 231 759 725
139 154.862661 276.751031 274 847 827
140 144.478452 249.338742 266 730 771
141 330.223864 72.487811 255 808 805
142 313.789938 367.484459 240 762 755
143 252.540846 453.991017 225 775 763
144 270.060331 403.982914 248 838 811
145 468.968247 449.328153 254 912 811
146 330.638277 37.522089 257 789 761
147 206.873263 418.932853 224 666 754
148 435.667559 264.668176 243 832 778
149 323.298163 172.224386 243 716 764
150 36.217594 209.103542 264 713 837
151 81.456977 47.416027 245 807 783
152 120.648402 237.685905 273 795 808
153 65.455599 112.252729 236 793 777
154 496.619405 182.331849 273 879 958
155 30.141570 89.369573 262 859 857
156 495.472316 403.217742 264 834 784
157 326.669142 328.274098 261 841 868
158 36.542670 172.652790 273 814 933
159 371.852821 230.364986 260 827 847
160 77.176194 100.288232 249 824 723
161 341.139876 37.887717 261 835 846
162 94.478406 398.574497 251 796 870
163 402.607312 121.091355 246 859 833
164 280.435796 284.423815 249 798 867
165 321.551498 316.033747 264 735 719
166 163.113876 454.907602 258 842 892
167 320.246623 384.993548 249 827 801
168 192.792197 258.456335 259 774 847
169 14.905101 10.035212 250 869 890
170 339.029505 68.883976 217 679 744
171 50.796629 238.946732 237 704 769
172 308.210967 101.718780 265 879 863
173 267.786089 180.801567 249 744 826
174 324.425258 115.313329 224 801 761
175 403.795916 97.965414 255 829 795
176 46.098024 269.495637 261 813 821
177 200.274945 20.998335 251 795 842
178 190.021247 187.094298 254 773 878
179 41.064506 171.159330 245 813 838
180 141.771458 252.901130 248 797 776
181 277.732602 351.837637 258 805 821
182 79.033383 314.063701 268 841 900
183 485.709600 321.241793 233 760 723
184 403.755432 417.548696 258 803 833
185 233.057529 497.891173 256 884 914
186 233.849801 313.613220 250 771 776
187 352.985081 120.255722 246 796 781
188 296.658592 440.947432 247 779 789
189 42.287513 226.237723 251 796 840
190 419.088274 116.628440 241 705 801
191 252.001878 395.571229 257 861 789
192 29.938897 183.044096 237 767 873
193 430.259725 375.194943 258 879 886
194 114.185577 116.990050 245 816 861
195 337.596535 484.970035 264 860 875
196 70.847551 234.784159 242 814 849
197 481.788738 423.322197 261 942 892
198 202.377273 354.828939 250 858 837
199 301.589730 318.597760 261 815 796
358
0 67
0 93
0 131
0 148
0 183
1 19
1 64
1 80
1 105
2 51
2 93
2 193
3 60
3 147
3 181
3 186
3 198
4 66
4 113
4 142
4 157
5 41
5 118
5 140
5 168
5 178
6 136
6 137
6 143
6 185
7 52
7 95
7 110
8 192
9 32
9 88
9 122
10 91
10 123
10 166
11 28
11 32
11 76
12 62
12 133
12 167
13 15
13 16
13 47
13 198
14 55
14 70
15 47
15 77
16 18
16 198
17 27
17 98
17 166
18 97
18 107
19 62
19 105
19 157
20 42
20 95
20 114
20 175
21 84
21 153
21 179
21 194
22 100
22 112
22 117
22 164
23 122
23 177
24 36
24 60
24 113
24 144
24 181
25 75
25 163
25 175
25 187
26 50
26 58
27 123
28 90
28 178
29 59
29 71
29 72
29 76
30 84
30 150
30 158
30 179
30 192
31 80
31 87
31 94
32 178
33 127
33 184
34 95
34 110
35 47
35 77
35 162
36 113
36 144
36 167
37 150
37 189
38 169
39 45
39 99
39 117
40 68
40 146
40 161
41 99
41 168
41 178
42 55
42 92
42 114
43 51
43 124
43 183
44 106
44 109
44 126
44 154
45 79
45 112
46 61
46 125
46 145
47 78
48 103
48 135
48 151
49 122
49 141
49 146
50 65
51 93
52 75
52 161
52 170
53 61
53 81
54 103
54 121
54 153
54 155
54 160
55 106
55 114
56 97
56 139
56 168
56 186
57 65
57 108
58 96
58 182
59 86
59 121
59 151
60 191
61 74
61 145
62 184
62 193
63 89
63 111
63 115
63 159
64 67
64 80
64 148
65 77
65 162
66 157
66 165
66 199
67 93
68 122
69 79
69 88
69 116
69 173
70 114
71 132
71 151
71 177
72 86
72 194
73 94
73 105
73 165
74 145
75 95
75 170
75 175
76 177
77 162
77 182
78 129
79 99
79 149
79 173
80 87
80 105
80 148
81 133
81 195
82 103
82 128
82 155
83 86
83 160
83 194
84 118
84 179
84 196
85 156
85 197
86 194
87 115
87 148
87 159
88 172
89 111
89 115
89 126
89 154
90 118
90 194
91 108
91 162
92 109
92 126
92 190
93 183
94 100
94 102
95 175
96 176
97 139
97 186
97 198
98 104
98 143
98 185
99 173
100 102
100 112
101 134
101 174
102 159
103 121
103 155
104 143
104 147
104 191
105 157
105 165
106 109
107 139
107 182
109 126
111 126
111 163
112 117
112 138
112 149
113 142
113 181
115 148
116 134
116 149
118 140
118 152
118 178
119 136
119 144
119 188
120 130
120 137
120 188
121 151
121 160
124 156
125 127
126 154
126 190
127 133
128 135
128 169
129 147
129 166
129 198
130 133
130 167
131 148
131 154
132 135
132 151
133 184
133 195
134 187
136 143
137 195
138 149
138 159
139 180
140 180
141 170
141 172
142 167
143 144
143 185
144 188
144 191
145 197
146 161
147 191
147 198
150 189
150 192
152 180
152 182
152 196
153 160
157 165
158 179
158 192
163 175
163 190
164 186
164 199
171 176
171 189
171 196
172 174
173 178
175 190
181 186
181 199
184 193
186 198
186 199
11 13 0.050000 0.050000 0.050000
semilla: 1234279821
