200
0 465.591286 192.744814 248 757 817
1 434.531691 174.122609 259 870 842
2 445.882591 448.713554 246 725 774
3 429.549751 442.666267 278 778 811
4 133.734947 183.260373 237 890 805
5 286.655145 313.020325 247 791 840
6 460.902900 395.047306 239 773 833
7 345.427309 96.787805 254 899 881
8 8.500757 372.229594 219 780 712
9 156.291108 284.651362 266 805 744
10 450.624727 149.781474 267 875 897
11 74.315416 19.199999 248 830 791
12 125.819481 148.009955 254 768 715
13 283.751689 14.629697 268 826 890
14 164.185763 470.121772 246 738 787
15 430.994128 218.302776 255 765 781
16 459.521336 175.090179 246 815 854
17 286.661308 416.606236 239 844 884
18 352.422598 166.608200 281 877 920
19 256.269024 113.484234 254 807 836
20 154.775741 315.877032 232 790 803
21 442.140239 50.989570 266 893 850
22 243.085006 29.694152 266 920 951
23 224.625520 281.111518 269 811 804
24 395.187364 414.021340 255 778 851
25 178.937914 409.527303 260 866 908
26 427.051853 460.495417 239 857 773
27 172.586803 166.404826 218 681 685
28 73.220417 115.555296 254 776 878
29 266.608502 389.095492 246 849 759
30 155.152039 140.322985 256 813 831
31 464.958438 56.462460 266 889 806
32 260.419029 362.615354 256 801 891
33 216.193451 63.334001 256 864 865
34 493.005555 444.368812 273 749 815
35 384.575835 66.057328 277 938 870
36 462.831979 317.077227 254 849 856
37 379.448519 391.255461 286 865 872
38 25.598337 231.245280 242 813 825
39 473.142015 97.846722 269 915 810
40 337.954839 6.977688 237 784 824
41 357.241164 152.237672 257 832 776
42 433.642274 225.702539 251 884 855
43 122.828273 374.786997 251 810 850
44 176.901683 186.583291 240 851 829
45 448.055336 466.035978 260 873 813
46 434.000542 247.103648 253 727 802
47 71.129473 473.055942 251 752 827
48 295.707053 448.442745 246 803 881
49 36.574472 207.150766 265 924 963
50 415.110456 261.434315 233 765 781
51 345.559686 321.648492 260 900 878
52 107.075244 113.633824 244 819 815
53 135.063491 12.095356 236 846 829
54 15.753971 276.997658 268 818 862
55 335.909814 136.248345 253 846 838
56 248.818027 384.583222 257 841 837
57 196.803269 172.539315 249 841 784
58 387.618527 204.575410 257 820 811
59 103.221037 335.965072 249 841 766
60 138.611655 146.078572 265 943 789
61 377.582277 25.331460 266 780 787
62 277.564082 19.533299 238 745 817
63 382.616372 133.356812 255 830 811
64 98.551781 359.790465 260 886 839
65 3.125980 38.354228 265 861 792
66 326.145995 35.735640 247 827 782
67 164.412165 275.255548 242 846 748
68 271.360290 252.396220 244 775 821
69 18.898156 121.315965 259 927 922
70 374.765834 189.380105 264 809 848
71 269.845516 293.588772 220 731 751
72 20.954003 173.922303 260 874 801
73 326.856603 478.923831 274 875 882
74 234.432658 109.676136 252 752 776
75 378.024130 451.558025 261 875 911
76 76.743382 326.022366 257 783 871
77 15.858008 25.533772 253 858 807
78 12.447156 199.343366 281 943 950
79 143.029603 398.541695 254 778 869
80 256.802542 80.331588 263 800 762
81 69.188246 346.855612 246 788 803
82 497.003653 140.397405 232 836 764
83 261.851395 436.394148 245 768 719
84 377.393419 351.194793 251 874 814
85 484.621846 39.371483 253 818 754
86 282.831326 46.104344 245 786 863
87 113.591940 139.738859 248 823 846
88 493.775436 383.752067 262 820 804
89 411.750857 296.661067 261 834 878
90 322.972890 205.360670 284 933 857
91 220.151842 92.015914 249 810 832
92 290.449639 87.078529 248 681 767
93 457.525110 124.529116 263 782 791
94 55.845743 99.399885 273 857 855
95 300.495351 425.369954 256 845 851
96 180.220189 460.714670 268 866 750
97 415.218692 80.560367 246 795 812
98 407.186224 78.864235 248 878 857
99 162.792757 57.866840 246 841 734
100 161.137866 244.108795 273 866 850
101 233.834945 63.920735 258 810 928
102 488.097322 451.697589 237 764 765
103 117.357434 426.386438 244 789 855
104 160.997423 383.683652 235 791 722
105 221.212268 414.580091 234 727 787
106 166.786945 188.181323 253 783 895
107 445.494595 427.665292 238 886 753
108 125.671437 159.842813 238 756 784
109 8.393335 66.780122 214 740 723
110 70.459340 210.124027 263 894 847
111 96.209101 486.367628 252 792 830
112 120.762597 156.966004 219 714 714
113 352.567119 95.564944 285 812 891
114 81.556482 219.797655 242 810 867
115 220.090811 66.260653 257 857 846
116 5.212246 102.214224 265 807 818
117 38.301760 237.674440 258 810 914
118 248.213731 228.178613 265 781 851
119 207.161843 269.094324 250 804 809
120 232.282052 464.446699 263 793 925
121 81.630981 471.899341 258 860 861
122 265.253571 116.771469 241 849 757
123 179.127168 90.304645 232 741 766
124 328.825708 73.673235 257 831 794
125 499.688037 256.841310 262 895 885
126 184.927907 83.335638 252 836 852
127 428.022872 280.416263 254 813 749
128 194.525265 386.136557 234 853 802
129 293.219412 138.651591 240 815 770
130 79.762638 70.651023 250 784 748
131 33.688485 202.370293 268 889 919
132 186.701628 394.269636 251 862 890
133 285.744934 15.098083 248 745 807
134 293.756184 160.181787 242 843 862
135 341.131065 389.816724 288 977 951
136 406.228883 488.842986 260 850 867
137 411.424291 308.055698 255 860 903
138 298.799833 428.796410 253 772 860
139 402.652472 380.096559 257 858 860
140 365.331169 120.959990 271 852 844
141 244.639812 161.315000 255 829 779
142 101.850681 304.388654 238 870 755
143 8.657343 3.963653 255 816 868
144 490.923709 454.773233 234 917 845
145 14.740361 241.245774 225 774 711
146 292.489565 372.113041 259 783 769
147 79.513217 378.636336 265 828 802
148 157.467156 50.487373 257 862 841
149 293.396575 116.236821 269 876 703
150 32.132534 51.500490 243 756 762
151 314.944474 271.773516 274 932 905
152 173.275988 249.529160 261 858 860
153 342.165237 271.130203 245 801 876
154 43.190965 410.544563 261 806 748
155 224.348896 131.888165 253 853 864
156 491.467274 90.470591 282 784 885
157 63.724285 14.054440 271 843 906
158 190.016180 101.935574 280 935 852
159 133.089979 343.273280 256 865 789
160 15.833269 109.757905 278 862 824
161 356.565463 295.729773 268 857 803
162 180.299507 293.807538 248 741 820
163 147.411553 45.971691 262 949 926
164 87.981655 207.672858 254 849 876
165 255.692699 427.197886 252 853 778
166 346.940179 23.593229 254 756 811
167 267.874223 162.059345 284 856 837
168 473.774681 231.068966 251 854 754
169 404.628209 86.316940 245 814 812
170 137.950666 36.844810 270 881 894
171 219.061959 274.347791 255 947 838
172 135.051075 303.409133 239 832 777
173 443.735575 363.813684 244 886 830
174 404.606132 215.268774 242 807 749
175 465.221548 478.548924 270 840 975
176 226.427031 59.103668 253 822 753
177 156.243587 485.958639 259 835 742
178 248.576119 318.827437 248 860 792
179 346.090994 251.332331 256 837 750
180 281.712040 234.259700 242 756 834
181 0.614959 335.620640 290 958 862
182 341.542377 302.723469 222 817 769
183 72.962482 280.427621 250 864 960
184 245.029446 209.904256 248 832 771
185 336.138532 480.314394 239 759 828
186 85.711840 58.892890 274 855 878
187 122.722747 101.202588 242 883 804
188 421.259374 106.300301 226 865 794
189 472.603634 49.280334 254 878 805
190 226.730693 162.749499 240 883 766
191 323.865474 207.023530 233 729 829
192 416.863885 231.306880 246 796 810
193 87.121341 248.381300 253 896 846
194 114.302119 75.711138 251 848 853
195 247.708190 231.547350 231 755 668
196 137.458607 266.814330 251 837 831
197 255.450603 358.291987 251 807 822
198 79.231016 135.692211 253 858 745
199 218.258487 270.385910 238 788 825
381
0 15
0 16
0 168
1 10
1 15
1 16
1 63
1 174
2 3
2 26
2 45
2 102
2 107
3 24
3 26
3 75
3 107
4 106
4 108
4 164
5 71
5 146
5 151
5 178
5 182
5 197
6 34
6 88
6 107
6 173
7 55
7 113
7 124
7 149
8 81
8 154
8 181
9 20
9 67
9 162
9 172
9 196
10 16
10 63
10 82
10 93
11 53
11 157
11 170
11 186
12 60
12 87
12 112
13 62
13 133
14 96
14 103
14 177
15 42
15 174
15 192
16 82
17 29
17 83
17 95
17 146
17 165
18 41
18 70
18 90
18 134
19 74
19 80
19 122
19 141
20 159
20 162
20 172
21 31
21 61
21 97
22 62
22 86
22 176
23 68
23 71
23 171
23 178
24 37
24 75
24 139
25 79
25 96
25 104
25 105
25 132
26 45
26 75
26 136
27 30
27 44
27 57
27 106
28 52
28 94
28 198
29 32
29 56
29 146
29 165
30 60
30 158
31 39
31 156
31 189
32 56
32 146
32 197
33 115
33 126
34 88
34 102
35 61
35 98
35 113
36 88
36 125
36 127
36 137
36 173
37 84
37 135
37 139
38 49
38 78
38 117
38 145
39 82
39 93
39 156
40 133
40 166
41 55
41 63
41 140
42 46
42 168
42 192
43 64
43 79
43 159
44 57
44 106
45 175
46 50
46 168
46 192
47 121
47 154
48 73
48 83
48 138
49 110
49 131
50 127
50 179
50 192
51 84
51 135
51 146
51 182
52 87
52 130
52 187
52 198
53 170
54 145
54 181
54 183
55 129
55 140
55 149
56 105
56 128
56 165
57 190
58 70
58 174
58 179
59 64
59 76
59 81
59 142
59 159
59 172
61 166
62 86
63 140
63 169
63 188
64 81
64 147
64 159
65 77
65 109
65 150
66 86
66 124
66 133
66 166
67 119
67 152
67 162
67 196
68 71
68 151
68 180
68 195
68 199
69 72
69 94
69 160
70 191
71 151
71 178
72 78
72 131
72 198
73 185
74 80
74 91
74 155
75 95
75 136
75 185
76 81
76 142
76 183
77 143
77 150
77 157
78 131
79 103
79 104
80 86
80 91
80 92
80 101
81 147
81 181
82 93
82 156
83 120
83 165
84 135
84 137
84 139
85 189
86 92
86 124
87 198
89 127
89 137
89 161
90 134
90 191
91 115
91 126
91 158
92 122
92 124
92 149
93 188
94 109
94 130
94 150
94 160
95 135
95 138
96 105
96 120
97 98
97 188
98 169
99 126
99 148
100 106
100 152
100 164
100 196
101 176
102 144
103 121
103 147
103 154
104 132
104 159
105 120
105 128
105 132
105 165
108 112
109 116
109 150
110 114
110 117
110 164
111 121
111 177
113 140
114 164
114 193
115 176
116 160
117 183
117 193
118 180
118 184
118 195
119 152
119 162
119 199
122 129
122 141
122 149
122 167
123 126
123 158
123 187
125 168
128 132
129 134
129 149
130 150
130 186
130 194
134 167
135 146
137 161
137 173
139 173
140 169
141 155
141 167
141 184
141 190
142 172
142 183
144 175
147 154
148 163
150 157
151 153
151 180
151 182
153 161
153 179
153 182
155 158
155 190
159 172
161 182
163 170
163 194
164 198
167 184
169 188
170 194
171 199
172 196
174 192
178 197
179 191
180 191
180 195
183 193
184 190
186 194
187 194
193 196
195 199
11 13 0.050000 0.050000 0.050000
semilla: 1234280017
