200
0 466.561756 3.430544 232 799 749
1 321.546118 225.600050 265 841 852
2 409.747399 124.536924 226 812 710
3 406.200440 10.796612 272 814 840
4 59.681500 66.976147 231 765 747
5 82.913687 30.330013 234 756 727
6 70.778084 67.250306 275 882 880
7 410.944819 249.568066 266 888 764
8 63.555081 170.241427 245 865 799
9 109.181746 17.604350 243 792 838
10 199.120029 110.326873 262 806 855
11 277.984295 82.052832 246 866 851
12 181.419375 115.442970 274 873 920
13 490.008793 77.785096 246 802 857
14 216.987522 409.277573 265 813 792
15 45.991052 471.610351 267 856 840
16 231.971901 251.744325 266 886 859
17 459.257630 242.989875 251 798 828
18 337.015032 211.642721 260 874 751
19 420.748558 21.011928 242 733 779
20 302.876660 448.017514 259 855 799
21 490.591497 371.296616 256 773 811
22 109.687439 16.779182 259 758 770
23 289.820155 7.341692 271 923 798
24 398.493851 486.158042 264 889 895
25 461.070986 220.053553 256 820 787
26 283.652959 355.282886 264 907 859
27 464.325965 426.495986 261 824 785
28 155.628237 143.775589 271 836 849
29 321.175912 3.558225 267 921 832
30 157.790696 488.229169 231 760 847
31 212.150266 109.521118 254 827 797
32 428.742532 375.737332 278 793 868
33 400.923029 313.348534 267 884 797
34 40.417001 288.530264 240 787 854
35 414.644327 427.203468 227 796 750
36 376.860649 396.928328 273 885 843
37 458.600689 201.775089 246 785 804
38 98.293638 21.172229 288 881 881
39 441.324166 335.265703 261 867 804
40 148.336018 83.455183 264 814 806
41 158.392776 107.392001 275 933 863
42 247.468987 211.262770 240 817 856
43 331.957173 204.202527 244 857 893
44 8.777584 24.853504 275 863 796
45 126.011628 377.424268 252 868 773
46 259.551953 289.669262 255 853 784
47 302.345903 27.584443 239 770 746
48 205.639546 183.847967 260 734 815
49 211.746185 318.130496 247 776 772
50 457.982125 305.570525 281 847 867
51 102.611814 96.765302 246 809 878
52 446.211265 472.733245 257 850 839
53 439.815159 473.372185 237 772 830
54 493.403608 134.439258 231 722 760
55 488.703996 148.067553 252 814 816
56 492.116089 495.099581 248 759 809
57 80.803168 58.845313 225 748 773
58 197.686333 14.203795 250 829 922
59 275.417125 435.611726 249 869 832
60 365.935288 274.386666 230 763 806
61 325.188392 441.308146 251 703 834
62 272.502228 444.946770 242 842 772
63 83.920206 446.894119 250 791 774
64 50.214228 450.526265 263 779 784
65 149.559450 145.682964 252 721 825
66 56.782567 344.606956 259 904 763
67 451.351230 360.130606 236 806 775
68 326.509373 143.038979 246 823 759
69 319.644107 258.501321 258 757 841
70 95.006850 280.130079 260 731 816
71 363.073450 175.477790 256 822 876
72 431.410314 213.139868 229 740 821
73 91.300179 482.101639 238 809 758
74 105.929014 348.931976 246 759 841
75 365.664692 226.479577 295 930 896
76 359.138175 35.304674 267 852 863
77 10.021474 430.921080 260 828 875
78 484.178100 81.330726 258 888 854
79 294.166669 59.212379 257 816 747
80 339.666084 267.871201 257 772 810
81 209.244907 279.144118 245 742 735
82 219.360333 289.117373 267 945 852
83 490.545428 97.014339 272 872 824
84 110.096179 386.488282 248 771 820
85 274.719798 215.647239 258 833 817
86 271.753655 363.682520 243 905 760
87 150.592516 8.408816 254 791 804
88 345.907431 166.193222 259 845 824
89 256.732316 400.032927 252 813 771
90 194.270241 99.939342 235 749 768
91 334.064885 128.517699 243 806 751
92 81.309776 73.410701 265 860 882
93 117.823274 255.772763 269 857 897
94 114.502010 435.277972 257 846 839
95 466.548797 285.626600 261 774 844
96 411.817667 419.529831 252 705 781
97 37.139992 211.845781 261 791 855
98 232.804335 242.455502 273 891 884
99 33.369879 347.548880 250 774 817
100 373.269308 37.256762 253 760 854
101 287.155435 221.389708 233 793 795
102 81.533619 335.534664 257 824 857
103 71.976591 210.563847 250 860 845
104 384.219770 81.667119 237 850 865
105 227.051640 56.910157 252 859 946
106 171.768699 416.522771 261 798 848
107 348.067530 470.971023 223 836 757
108 472.814059 85.883554 252 823 830
109 144.361953 291.341594 257 838 855
110 245.377579 60.964438 257 838 820
111 402.759194 173.775171 246 937 822
112 156.241593 452.450039 261 828 832
113 259.912433 348.261279 241 828 783
114 134.170462 2.954400 240 840 704
115 202.976057 418.584990 281 940 926
116 318.166733 428.284373 226 742 795
117 364.021940 116.751065 252 834 870
118 41.628725 153.975730 273 888 896
119 303.712032 488.124820 262 838 883
120 160.807007 183.367780 275 817 848
121 276.606576 426.729777 263 864 805
122 119.664194 196.114456 252 835 829
123 469.734940 335.135997 255 746 834
124 496.487523 465.798419 237 831 820
125 107.540259 429.140083 246 729 691
126 327.038051 28.519484 233 782 757
127 329.706824 382.596100 280 853 930
128 429.387731 219.602392 256 841 846
129 417.820924 316.272294 250 750 862
130 409.041507 260.610288 258 848 813
131 468.758016 415.968963 237 845 808
132 138.495421 192.534628 259 793 886
133 253.089044 167.556835 291 937 883
134 394.737428 351.960310 255 893 832
135 298.710926 434.531206 235 730 769
136 348.031291 361.907314 220 812 793
137 373.413069 453.448698 233 760 771
138 2.638165 339.637624 256 859 831
139 391.076399 321.037366 266 848 855
140 58.841489 448.902550 282 876 881
141 256.569104 156.925720 247 882 744
142 425.238731 487.356663 250 835 834
143 266.346554 486.527992 249 785 808
144 68.611439 152.457232 254 901 815
145 80.278086 233.796118 261 777 856
146 64.838772 245.248349 269 820 790
147 257.917564 320.502342 277 832 834
148 445.741401 75.731003 256 795 784
149 66.600416 353.189807 260 856 765
150 355.413019 426.616333 238 797 807
151 446.750417 34.256187 275 896 882
152 56.104180 442.956560 254 811 862
153 348.100491 24.948831 255 811 806
154 461.244788 141.155876 276 861 882
155 472.712922 386.078328 261 953 917
156 105.935582 459.319001 249 775 759
157 276.134682 495.604565 279 881 874
158 347.511378 123.734731 242 730 840
159 382.852574 103.208269 237 783 801
160 11.627406 421.810748 285 814 840
161 469.253781 248.289516 247 860 857
162 393.804515 172.479087 265 847 825
163 451.704243 293.211138 272 929 894
164 14.462837 76.897963 264 848 811
165 408.491795 21.604856 265 894 884
166 137.774051 68.482956 237 728 796
167 357.921590 88.171479 274 843 915
168 197.345750 290.028625 237 748 818
169 378.087342 13.960260 254 786 809
170 437.055158 86.039395 274 905 786
171 1.044046 47.275552 264 747 835
172 159.166387 109.460560 256 853 800
173 248.878867 407.125758 249 807 813
174 373.742892 496.783868 279 910 879
175 126.567026 212.001408 253 781 758
176 138.821682 176.001986 233 788 775
177 297.189522 364.295826 253 778 776
178 175.488688 438.385372 249 896 893
179 480.095535 465.661361 243 800 766
180 206.775185 270.535133 257 800 858
181 211.138040 97.044857 232 809 814
182 405.128493 494.588494 270 856 883
183 374.669264 66.312429 240 932 895
184 112.387715 400.321417 222 778 755
185 98.722070 221.827180 273 859 823
186 91.879183 213.420916 268 865 847
187 113.295473 157.014346 263 822 825
188 407.581502 222.305173 240 730 765
189 234.486444 13.657005 255 982 858
190 403.834801 251.502465 244 759 769
191 497.438498 448.829286 270 868 890
192 68.853493 220.650932 247 805 826
193 310.260003 39.876207 258 870 860
194 308.376511 384.028271 270 883 824
195 75.440650 431.010858 261 862 869
196 256.647483 474.244541 271 807 898
197 183.487365 372.149279 268 798 826
198 304.674053 156.801080 270 861 863
199 379.753664 19.832192 262 1006 899
366
0 151
1 18
1 69
1 101
2 111
2 154
2 159
2 162
2 170
3 165
3 169
3 199
4 6
4 44
4 118
4 164
5 38
5 44
5 57
6 57
6 92
7 17
7 130
7 188
7 190
8 97
8 103
8 118
8 144
9 22
9 38
9 166
10 12
10 31
10 48
10 90
10 181
11 79
11 91
11 110
11 141
11 198
12 28
12 48
12 90
12 172
13 78
14 115
14 173
14 197
15 64
15 73
16 46
16 98
16 180
17 25
17 128
17 161
18 43
18 75
19 151
19 165
20 61
20 62
20 119
20 135
21 67
21 123
21 155
22 114
23 29
23 47
23 110
23 189
24 35
24 137
24 174
24 182
25 37
25 72
26 80
26 86
26 177
27 35
27 52
27 131
27 179
27 191
28 65
28 172
29 47
29 126
30 112
30 156
30 196
31 48
31 141
31 181
32 36
32 67
32 96
32 134
33 60
33 129
33 130
33 139
34 66
34 70
34 99
34 102
34 138
34 146
35 53
35 96
35 137
36 96
36 127
36 134
36 136
36 150
37 55
37 72
37 154
39 50
39 67
39 123
39 129
39 134
40 41
40 51
40 166
41 172
42 48
42 85
42 98
42 133
43 71
43 88
43 198
44 171
45 74
45 84
45 106
45 197
46 69
46 82
46 101
46 147
47 126
47 193
48 120
48 133
49 82
49 147
49 168
49 197
50 123
50 129
50 163
51 65
51 92
51 144
51 166
51 187
52 53
52 179
53 142
54 55
54 83
55 154
56 124
56 179
57 92
57 166
58 87
58 105
58 189
59 62
59 121
59 135
60 75
60 80
60 130
60 139
60 190
61 107
61 116
61 150
62 196
63 73
63 125
63 140
63 156
63 195
64 77
64 140
64 152
65 120
65 176
65 187
66 99
66 102
66 149
67 123
67 155
68 88
68 91
68 198
69 80
70 93
70 102
70 109
70 145
70 146
71 75
71 88
71 162
72 111
72 128
73 156
74 84
74 102
74 109
75 80
75 188
75 190
76 100
76 153
77 160
78 83
78 108
79 167
79 193
81 82
81 168
81 180
82 147
84 184
85 101
85 198
86 89
86 113
87 114
87 166
89 121
89 173
89 194
90 181
91 158
93 109
93 145
93 175
93 185
94 112
94 125
94 156
95 161
95 163
97 192
99 138
99 160
100 183
100 199
101 198
102 149
103 186
103 192
104 159
104 167
104 170
104 183
105 110
105 181
105 189
106 115
106 178
106 184
106 197
107 119
107 137
107 174
108 148
108 154
109 168
109 197
111 154
111 162
111 188
112 156
112 178
113 147
113 197
115 178
115 196
115 197
116 127
116 135
116 194
117 158
117 159
117 162
117 167
118 144
118 164
119 157
120 132
120 176
121 135
121 173
121 194
122 132
122 175
122 185
122 186
122 187
124 179
124 191
125 184
125 195
126 153
126 193
127 136
127 150
127 194
128 188
129 163
130 163
130 190
131 155
132 175
132 176
133 141
134 136
134 139
137 150
137 174
138 160
140 152
141 198
142 182
143 157
143 196
144 187
145 146
145 185
145 186
145 192
146 192
148 151
148 170
149 195
152 195
153 169
154 170
159 167
159 170
164 171
165 199
167 183
167 193
169 199
175 180
175 185
176 187
177 194
185 186
11 13 0.050000 0.050000 0.050000
semilla: 1234280265
