200
0 469.958400 90.830598 258 840 921
1 214.582334 485.282059 254 796 827
2 430.724565 187.758487 253 839 813
3 57.236862 479.938455 248 796 771
4 367.424737 307.549196 265 844 857
5 128.327180 294.918051 247 772 865
6 434.402459 2.125133 239 833 784
7 214.576522 387.605057 249 783 818
8 258.037841 341.994824 271 909 889
9 71.751458 426.749101 235 772 795
10 214.444300 165.350551 279 841 804
11 138.771641 334.972519 229 784 811
12 352.710501 5.382303 254 895 813
13 217.681929 80.186378 255 810 817
14 54.707869 475.150059 269 830 822
15 78.137862 263.039930 233 889 852
16 287.566004 121.825134 259 794 813
17 358.578912 135.768669 240 788 833
18 321.077511 349.729005 265 884 872
19 116.474434 85.817649 229 802 740
20 15.934630 313.319789 274 961 881
21 362.426072 294.985323 239 815 746
22 19.042243 42.970707 229 809 836
23 80.777096 120.650812 269 911 831
24 317.236685 296.958800 251 869 855
25 137.082916 452.570049 242 850 927
26 202.309647 218.244464 236 820 800
27 115.591673 249.255962 248 892 849
28 280.367127 130.304359 244 778 919
29 482.083985 385.537710 211 718 728
30 289.800330 174.141847 247 718 877
31 261.350441 16.864362 264 824 861
32 218.924226 459.468205 253 793 801
33 50.099432 21.157976 257 792 803
34 83.185811 103.927160 252 867 819
35 387.493346 100.671260 255 719 845
36 241.713361 476.454344 259 850 872
37 90.118867 127.800262 251 854 749
38 231.845224 122.682311 269 898 795
39 393.454537 290.406916 292 902 890
40 130.628402 471.559233 273 926 910
41 78.918199 378.176046 267 880 865
42 494.982427 169.654229 248 837 771
43 181.857582 480.377325 265 865 852
44 22.588582 146.305861 248 796 749
45 147.057535 95.997940 258 833 843
46 357.869939 220.058861 249 808 776
47 420.044852 193.822269 250 743 814
48 393.832771 147.379261 230 770 787
49 430.307472 177.679541 237 804 808
50 422.871751 205.526486 228 770 752
51 52.336615 121.489465 243 862 791
52 411.498569 56.451598 268 850 888
53 158.190383 205.762345 255 796 816
54 131.401628 467.163211 272 839 901
55 398.397770 371.327619 254 846 844
56 264.370942 282.424644 258 867 895
57 378.067738 184.466201 272 827 826
58 102.276363 458.836720 260 859 752
59 485.329898 439.592906 238 770 850
60 384.730884 171.972195 229 791 827
61 396.812507 227.807438 267 862 804
62 36.163555 300.869042 268 858 914
63 449.725377 34.405382 282 885 922
64 480.690769 469.749172 235 828 859
65 406.957771 239.255302 253 796 785
66 218.826721 320.704745 251 814 794
67 13.696834 202.680972 246 740 800
68 459.174569 346.984738 261 958 882
69 388.747871 185.469630 249 797 791
70 428.053060 287.784129 268 851 881
71 74.314469 3.277251 238 830 841
72 422.060364 68.531981 277 955 790
73 117.041030 108.595491 255 789 810
74 234.580523 94.849692 250 822 814
75 169.513216 8.622796 244 785 770
76 56.581789 470.130889 263 810 827
77 249.086051 389.257448 221 770 749
78 244.726129 112.049938 243 810 847
79 181.407332 413.025669 244 833 806
80 87.177731 196.119399 233 740 805
81 230.752264 253.297540 265 861 895
82 438.347580 307.779001 261 835 805
83 207.698414 287.239615 246 813 864
84 296.100113 54.591033 259 801 813
85 212.455915 246.565980 260 891 848
86 135.553137 241.581330 248 803 848
87 309.032862 415.315308 260 882 849
88 382.277431 436.789159 257 786 884
89 399.713661 487.500584 247 761 796
90 239.283911 144.693252 248 854 844
91 435.228420 384.053691 267 922 808
92 92.299769 282.221110 238 856 799
93 490.883393 277.177923 236 755 761
94 405.177964 326.042398 239 847 819
95 336.559663 58.255788 245 747 839
96 108.023913 57.908511 243 803 824
97 182.820195 159.024379 283 890 900
98 135.510678 27.969068 241 728 775
99 319.310051 144.020542 242 779 746
100 450.328320 168.070476 273 881 870
101 62.249571 228.533886 260 840 861
102 18.895654 79.257057 248 816 719
103 274.722481 260.738865 256 855 857
104 165.244095 257.506420 268 876 867
105 1.192309 39.136739 275 889 756
106 93.265834 18.869386 274 755 908
107 44.822496 331.684968 238 825 854
108 305.064190 213.838901 250 793 820
109 333.677579 119.072029 256 865 877
110 115.068732 460.180673 245 754 770
111 110.438297 136.463079 241 801 798
112 140.735423 340.254783 254 920 913
113 307.244515 358.566791 237 769 780
114 304.269788 362.334694 228 790 846
115 225.932003 239.176171 248 830 799
116 235.896081 205.426802 257 899 845
117 216.923736 337.229339 275 893 841
118 400.891477 283.053319 272 899 943
119 141.249668 483.176539 280 937 818
120 129.903410 286.618409 281 931 956
121 55.435566 205.558175 267 826 844
122 477.079044 267.497858 260 776 779
123 430.714450 17.758007 273 879 806
124 395.714016 265.464966 255 773 770
125 248.683266 119.643698 271 821 936
126 273.247407 469.172441 250 829 789
127 51.193883 415.591042 247 830 779
128 203.912241 153.030804 226 824 829
129 310.735567 32.669296 258 880 816
130 318.138690 456.960850 259 830 872
131 136.419367 300.295169 255 830 750
132 152.411463 79.459362 249 804 766
133 363.401343 186.368746 210 685 715
134 264.451852 142.275869 266 813 858
135 298.192319 218.311588 269 761 850
136 173.046695 395.797544 239 745 801
137 366.659417 444.829141 248 874 934
138 111.803607 83.217307 275 781 895
139 170.327677 197.271338 252 839 869
140 373.384649 475.801469 260 859 901
141 274.397500 298.774457 247 790 733
142 273.636798 13.660680 260 864 861
143 339.864489 102.471917 250 877 886
144 340.342209 131.508922 269 913 792
145 179.069353 118.621769 276 889 982
146 113.257576 20.077023 228 789 775
147 191.137895 454.606473 249 769 763
148 202.468471 387.588140 258 856 844
149 471.595941 112.974211 260 821 865
150 366.450612 435.438207 240 771 782
151 392.249288 33.787115 277 863 874
152 128.349539 170.708997 263 876 866
153 473.266481 189.745222 245 849 856
154 98.021413 445.896326 243 754 844
155 260.447478 340.767384 250 869 811
156 8.106459 245.251423 268 856 820
157 71.252465 40.172243 228 797 723
158 375.110563 483.237354 290 824 884
159 413.882816 128.487461 273 927 854
160 235.190905 353.541034 268 841 843
161 360.665381 203.064442 250 808 845
162 146.888456 254.286307 258 776 800
163 75.419562 76.581986 249 824 819
164 498.139864 236.695353 250 779 811
165 63.681467 294.423700 261 785 850
166 226.409696 267.763159 242 806 766
167 226.224420 153.826924 272 818 802
168 101.676779 381.623228 255 786 780
169 326.378828 448.967228 238 858 764
170 499.436973 37.199539 257 921 808
171 165.466403 493.842496 281 830 886
172 134.223906 401.186800 245 823 792
173 114.867606 79.846568 258 781 788
174 447.015421 488.176409 234 808 856
175 5.326013 14.294064 232 781 871
176 460.240622 264.134501 268 945 897
177 202.154558 111.648703 213 711 674
178 177.994626 55.686313 261 850 857
179 145.971627 345.139618 231 799 809
180 476.370313 355.857762 278 915 963
181 146.561684 262.221683 247 819 798
182 263.511009 329.523317 258 865 846
183 375.753631 291.277208 266 890 845
184 291.322863 263.364000 276 827 774
185 405.635946 23.347002 249 726 757
186 26.762747 301.484671 242 788 790
187 275.627000 462.991570 250 819 796
188 34.131564 149.199775 268 877 918
189 317.821991 134.204072 249 907 768
190 55.158355 46.465771 288 857 841
191 454.415942 368.730298 272 870 886
192 131.598919 283.027599 262 867 865
193 109.970611 276.056940 250 829 872
194 344.231681 1.860792 240 796 763
195 355.078911 311.255087 280 902 906
196 189.190321 221.732731 270 758 781
197 254.281458 208.466247 266 834 862
198 394.409928 347.666983 271 826 868
199 5.788681 290.355422 248 761 815
355
0 63
0 72
0 149
0 170
1 32
1 36
1 43
2 47
2 49
3 14
4 21
4 94
4 183
4 195
4 198
5 120
5 131
6 123
7 32
7 77
7 148
7 160
8 155
8 160
9 41
9 76
9 127
9 154
9 168
10 26
10 116
10 128
10 167
11 112
11 131
12 95
12 151
12 194
13 31
13 74
13 177
13 178
14 76
15 27
15 92
15 101
15 165
16 28
16 84
16 189
17 35
17 48
17 60
17 133
17 144
18 24
18 113
18 195
18 198
19 45
19 73
19 132
19 138
19 173
20 107
20 186
20 199
21 183
21 195
22 33
22 102
22 105
22 190
23 34
23 37
23 51
24 46
24 141
24 184
24 195
25 54
25 79
25 110
25 147
25 172
26 85
26 115
26 116
26 196
27 80
27 86
27 193
28 30
28 125
28 134
29 59
29 180
29 191
30 99
30 108
30 134
30 197
31 75
31 142
32 36
32 77
32 147
33 71
33 157
33 175
33 190
34 73
34 138
34 163
35 48
35 72
35 143
35 159
36 126
37 73
37 111
38 78
38 90
38 125
38 177
39 94
39 118
39 183
40 54
40 119
41 107
41 127
41 168
42 149
42 153
43 147
43 171
44 67
44 188
45 73
45 132
45 145
46 61
46 108
46 161
47 50
47 69
48 49
48 60
48 159
49 100
49 159
50 61
50 65
50 176
51 102
51 188
52 63
52 72
52 151
52 185
53 86
53 104
53 139
53 152
54 110
55 88
55 91
55 198
56 66
56 103
56 141
56 166
57 60
57 69
57 133
58 76
58 110
58 154
59 64
59 88
60 69
61 65
61 69
62 107
62 165
62 186
63 72
63 123
63 170
64 174
65 124
65 176
66 83
66 117
66 182
67 121
67 156
67 188
68 82
68 94
68 180
68 191
70 82
70 118
70 176
71 106
71 157
72 159
73 111
74 78
74 84
74 177
75 98
75 178
76 154
77 87
77 114
77 160
77 187
78 125
79 136
79 147
79 148
80 121
80 152
81 85
81 103
81 115
81 166
82 94
83 104
83 131
83 166
84 95
84 129
84 142
85 104
85 115
86 162
87 114
87 169
87 187
88 91
88 137
88 150
89 158
89 174
90 125
90 134
90 167
91 191
92 165
92 193
93 122
94 198
95 129
95 143
95 151
96 98
96 106
96 146
96 157
96 163
96 173
97 128
97 139
97 145
97 152
98 132
98 146
98 178
99 133
99 144
99 189
100 149
100 153
100 159
101 121
101 156
102 163
102 190
103 135
103 184
103 197
104 162
104 181
104 196
105 175
106 146
106 157
107 165
108 135
109 143
109 144
109 189
111 152
112 168
112 179
113 114
114 155
115 116
116 197
117 160
117 179
118 124
119 171
120 192
120 193
121 188
122 164
122 176
123 185
125 134
126 187
128 145
128 167
128 177
129 142
129 194
130 169
130 187
132 178
133 161
135 184
135 197
136 148
136 172
136 179
137 140
137 150
137 169
138 163
138 173
139 196
140 158
141 182
144 189
145 177
149 159
151 185
153 164
154 172
155 182
156 199
157 163
157 190
162 181
163 190
168 172
172 179
180 191
181 192
186 199
192 193
11 13 0.050000 0.050000 0.050000
semilla: 1234281133
